0.9999999999999999
1.0017030211891242
1.0047298478912414
1.004649734166817
0.999562549558658
0.9953255204887205
0.9954028391731848
0.9955553726701311
0.9958442318406915
0.9960804198385853
0.9963270571877294
0.9964261700792386
0.9963375872424051
0.9962558272318665
0.9960010073949433
0.995645681904013
1.
1.0014542840850693
1.0044785823435276
1.0041378429053536
0.9986400542933934
0.9946709243575595
0.9946534810221608
0.9948209581943444
0.994976679700507
0.995175681837268
0.995306971366266
0.9953457419179704
0.9952627683982878
0.9951078295128268
0.994776729083821
0.9946365850709828
1.
1.0014110516642283
1.0041095653472225
1.0030179916462933
0.9973801936290969
0.9934810081819094
0.9932945413458855
0.9930768527629388
0.9929924882846308
0.9928821893377603
0.9928917140852119
0.9928803515058852
0.9928835678163331
0.9929106825101964
0.9929846939665699
0.9930638508723969
1.
1.0016376184661768
1.0039304440105872
1.0022296650924818
0.9964670194129749
0.9925439088908108
0.9921630872735265
0.9919179326083503
0.9916399662225601
0.9914065137102342
0.9912169472665582
0.9912080196895198
0.9912272661615616
0.9915062841070835
0.9917704477196588
0.9920589137783151