0.0717184756858693	181.98	190	-30.4	13.397	13.397	0	67.2278456250129	12	0.228776440392883	0.000284458858311182
0.0711588226216994	181.98	190	-30.4	13.397	13.397	0	66.9849923540827	12	0.228776440392883	0.000289099164273347
0.0725269315115884	181.98	190	-30.4	13.397	13.397	0	66.6723978777967	12	0.228776440392883	0.000275457076532663
0.0714803192587546	181.98	190	-30.4	13.397	13.397	0	66.3814414406349	12	0.228776440392883	0.000274834571581176
0.0722791261317509	181.98	190	-30.4	13.397	13.397	0	66.9407918645169	12	0.228776440392883	0.000277506255876987
0.0718347845089438	181.98	190	-30.4	13.397	13.397	0	67.3903340023528	12	0.228776440392883	0.000285573323204045
0.0719860492775999	181.98	190	-30.4	13.397	13.397	0	67.2214450126548	12	0.228776440392883	0.000281953287325986
0.0720913227553239	181.98	190	-30.4	13.397	13.397	0	66.9535634310249	12	0.228776440392883	0.000278002820524356
0.0719070477431965	181.98	190	-30.4	13.397	13.397	0	67.8216171993435	12	0.228776440392883	0.000291110643998412
0.0712431554332723	181.98	190	-30.4	13.397	13.397	0	66.5990054062269	12	0.228776440392883	0.000281262025931071
0.0713733521136342	181.98	190	-30.4	13.397	13.397	0	67.2138480236591	12	0.228776440392883	0.000289094220520512
0.0721600365920265	181.98	190	-30.4	13.397	13.397	0	66.5775388284039	12	0.228776440392883	0.000273505164096965
0.0715358729585589	181.98	190	-30.4	13.397	13.397	0	67.2228108416245	12	0.228776440392883	0.000286714055104928
0.0714146077070699	181.98	190	-30.4	13.397	13.397	0	66.9502785124107	12	0.228776440392883	0.000284202889268852
0.0717963579256469	181.98	190	-30.4	13.397	13.397	0	65.2419440553818	12	0.228776440392883	0.000259247037687337
0.0719872444571396	181.98	190	-30.4	13.397	13.397	0	66.9455745090441	12	0.228776440392883	0.000278361227355348
0.0721744160425274	181.98	190	-30.4	13.397	13.397	0	66.4992537726123	12	0.228776440392883	0.000272650565240987
0.0717351494731566	181.98	190	-30.4	13.397	13.397	0	67.223980015821	12	0.228776440392883	0.000284216614290414
0.0712687433517188	181.98	190	-30.4	13.397	13.397	0	65.9916158324763	12	0.228776440392883	0.000271642697509419
0.0719782079648571	181.98	190	-30.4	13.397	13.397	0	66.9452893212638	12	0.228776440392883	0.000278405928072728
0.0714051792619795	181.98	190	-30.4	13.397	13.397	0	66.6137765998306	12	0.228776440392883	0.000279147265105014
0.0722476014785925	181.98	190	-30.4	13.397	13.397	0	67.4393314646103	12	0.228776440392883	0.000283411508885341
0.0710847437866696	181.98	190	-30.4	13.397	13.397	0	67.0760031185104	12	0.228776440392883	0.000292148530894256
0.0719290474090203	181.98	190	-30.4	13.397	13.397	0	67.3925073252048	12	0.228776440392883	0.000284716955656095
0.0722448952768536	181.98	190	-30.4	13.397	13.397	0	66.8164712308867	12	0.228776440392883	0.00027612992348957
0.0715375825921089	181.98	190	-30.4	13.397	13.397	0	67.4319431698848	12	0.228776440392883	0.00028999864115043
0.0713412758241172	181.98	190	-30.4	13.397	13.397	0	66.6104780690209	12	0.228776440392883	0.000279973123381767
0.0714993717645026	181.98	190	-30.4	13.397	13.397	0	66.2622664487378	12	0.228776440392883	0.000272959386101426
0.0714567024208652	181.98	190	-30.4	13.397	13.397	0	67.2983930204771	12	0.228776440392883	0.000289109974533602
0.0722286986317212	181.98	190	-30.4	13.397	13.397	0	68.0111341698852	12	0.228776440392883	0.00029090422429485
0.071762304015267	181.98	190	-30.4	13.397	13.397	0	68.3077735183981	12	0.228776440392883	0.000300730123457601
0.072379670020385	181.98	190	-30.4	13.397	13.397	0	66.3799240455979	12	0.228776440392883	0.000271959045803883
0.0723430852713889	181.98	190	-30.4	13.397	13.397	0	67.0514088971395	12	0.228776440392883	0.000278738529141157
0.0716473413901415	181.98	190	-30.4	13.397	13.397	0	66.115781451513	12	0.228776440392883	0.000269780990049063
0.0712553136802812	181.98	190	-30.4	13.397	13.397	0	66.7075096169231	12	0.228776440392883	0.000282803866005575
0.0716144205749229	181.98	190	-30.4	13.397	13.397	0	66.6743804831379	12	0.228776440392883	0.00027759303507892
0.0714353929030581	181.98	190	-30.4	13.397	13.397	0	66.747776743259	12	0.228776440392883	0.000280777021237686
0.071009388640858	181.98	190	-30.4	13.397	13.397	0	65.238539912027	12	0.228776440392883	0.000263913779899009
0.0721448569391032	181.98	190	-30.4	13.397	13.397	0	66.2557962326954	12	0.228776440392883	0.000270039506620858
0.0715342083586924	181.98	190	-30.4	13.397	13.397	0	67.0783403910912	12	0.228776440392883	0.000284499107437592
0.0712733409471274	181.98	190	-30.4	13.397	13.397	0	66.6820483483652	12	0.228776440392883	0.000282110407409987
0.0722231762287858	181.98	190	-30.4	13.397	13.397	0	66.9464369432205	12	0.228776440392883	0.000277607918544384
0.0714393648309899	181.98	190	-30.4	13.397	13.397	0	66.6555372875287	12	0.228776440392883	0.000279330527431888
0.0724651594658053	181.98	190	-30.4	13.397	13.397	0	67.1688059212584	12	0.228776440392883	0.000280146780316084
0.0717309753187794	181.98	190	-30.4	13.397	13.397	0	65.9023439414663	12	0.228776440392883	0.000266687151245111
0.0712035854522689	181.98	190	-30.4	13.397	13.397	0	66.7956736246342	12	0.228776440392883	0.000285104422319479
0.0719252594689379	181.98	190	-30.4	13.397	13.397	0	67.1728614461778	12	0.228776440392883	0.000281737228853808
0.0717503049571533	181.98	190	-30.4	13.397	13.397	0	67.0506965237422	12	0.228776440392883	0.000281566062273548
0.0716575079300993	181.98	190	-30.4	13.397	13.397	0	67.6391298495807	12	0.228776440392883	0.000291514538298242
0.0725758895631554	181.98	190	-30.4	13.397	13.397	0	67.5874739025929	12	0.228776440392883	0.000284834056761349
0.0720840429393434	181.98	190	-30.4	13.397	13.397	0	67.5084091634399	12	0.228776440392883	0.000285115371564451
0.072256098046247	181.98	190	-30.4	13.397	13.397	0	66.6361682373324	12	0.228776440392883	0.000274177550264627
0.0714407379548544	181.98	190	-30.4	13.397	13.397	0	66.8291114938403	12	0.228776440392883	0.000281947515669066
0.0715993133722677	181.98	190	-30.4	13.397	13.397	0	67.1802447146198	12	0.228776440392883	0.000285193558113573
0.0718369612983203	181.98	190	-30.4	13.397	13.397	0	67.3346519845825	12	0.228776440392883	0.000284752897215637
0.0720569839548647	181.98	190	-30.4	13.397	13.397	0	67.5641025075603	12	0.228776440392883	0.000286053243152942
0.0714121458992327	181.98	190	-30.4	13.397	13.397	0	67.2737103948479	12	0.228776440392883	0.000289430263369696
0.0719467057601053	181.98	190	-30.4	13.397	13.397	0	66.2585396020436	12	0.228776440392883	0.000270182694054073
0.0716000341128804	181.98	190	-30.4	13.397	13.397	0	66.5563874008353	12	0.228776440392883	0.000276076819448054
0.0711060265832372	181.98	190	-30.4	13.397	13.397	0	66.6751130519287	12	0.228776440392883	0.000284835962152254
0.0714942779456139	181.98	190	-30.4	13.397	13.397	0	66.1556722889571	12	0.228776440392883	0.000271534877393478
0.0714495311613136	181.98	190	-30.4	13.397	13.397	0	66.7475188912155	12	0.228776440392883	0.000280585090709985
0.0715812572099097	181.98	190	-30.4	13.397	13.397	0	67.2454862048459	12	0.228776440392883	0.000286433837905705
0.0722838438717086	181.98	190	-30.4	13.397	13.397	0	66.4863855444884	12	0.228776440392883	0.000272665712272603
0.0724199428415793	181.98	190	-30.4	13.397	13.397	0	66.3405153316238	12	0.228776440392883	0.000271800403669282
0.072303337643443	181.98	190	-30.4	13.397	13.397	0	67.4799317343201	12	0.228776440392883	0.000283738983683926
0.0712274665953592	181.98	190	-30.4	13.397	13.397	0	66.1134555698735	12	0.228776440392883	0.00027397578034851
0.0712770421686908	181.98	190	-30.4	13.397	13.397	0	65.4104813862297	12	0.228776440392883	0.00026343803917191
0.0717137210761985	181.98	190	-30.4	13.397	13.397	0	72.5732637455703	12	0.228776440392883	0.000389470119218872
0.0713732670951004	181.98	190	-30.4	13.397	13.397	0	66.6676432857976	12	0.228776440392883	0.000280402566611781
0.0718003062000102	181.98	190	-30.4	13.397	13.397	0	67.3813411154168	12	0.228776440392883	0.000285803729825833
0.0714452589194914	181.98	190	-30.4	13.397	13.397	0	66.3262697301981	12	0.228776440392883	0.000274428879945531
0.0714514445759094	181.98	190	-30.4	13.397	13.397	0	66.2478911676065	12	0.228776440392883	0.000273246411430666
0.0717794965525856	181.98	190	-30.4	13.397	13.397	0	67.3690832851983	12	0.228776440392883	0.000285850784267557
0.0717910383058124	181.98	190	-30.4	13.397	13.397	0	67.8938658610948	12	0.228776440392883	0.000293649101448631
0.0724807715688844	181.98	190	-30.4	13.397	13.397	0	67.8437264853347	12	0.228776440392883	0.000287737699140235
0.0720524247416907	181.98	190	-30.4	13.397	13.397	0	66.0685099115515	12	0.228776440392883	0.000267990138775673
0.0718930340290862	181.98	190	-30.4	13.397	13.397	0	68.2406881731535	12	0.228776440392883	0.000297699593955899
0.0719893260934885	181.98	190	-30.4	13.397	13.397	0	67.3641510515456	12	0.228776440392883	0.000283843167603573
0.0714166342772108	181.98	190	-30.4	13.397	13.397	0	66.3535869466677	12	0.228776440392883	0.000275148401385067
0.071815235386937	181.98	190	-30.4	13.397	13.397	0	66.38071800166	12	0.228776440392883	0.000272143604714425
0.0709938546224989	181.98	190	-30.4	13.397	13.397	0	66.8380572723977	12	0.228776440392883	0.000289832045517658
0.0717263451705798	181.98	190	-30.4	13.397	13.397	0	67.4844262789277	12	0.228776440392883	0.000288193825193672
0.0712776369137544	181.98	190	-30.4	13.397	13.397	0	67.0067118687696	12	0.228776440392883	0.000287309022685068
0.0710666181963419	181.98	190	-30.4	13.397	13.397	0	65.5984232320243	12	0.228776440392883	0.000268439001002683
0.0723269618552196	181.98	190	-30.4	13.397	13.397	0	65.9648948351642	12	0.228776440392883	0.000267881656206582
0.0713567076523491	181.98	190	-30.4	13.397	13.397	0	66.0203898120888	12	0.228776440392883	0.000271041637935404
0.071420386830928	181.98	190	-30.4	13.397	13.397	0	67.328132601216	12	0.228776440392883	0.000290185931553088
0.07189711164285	181.98	190	-30.4	13.397	13.397	0	68.1683103241777	12	0.228776440392883	0.000296511047520156
0.0721226132277487	181.98	190	-30.4	13.397	13.397	0	66.8311136843416	12	0.228776440392883	0.000276445707458845
0.0719580034063698	181.98	190	-30.4	13.397	13.397	0	68.4119294118113	12	0.228776440392883	0.000299514757777555
0.0718945742595811	181.98	190	-30.4	13.397	13.397	0	65.855584112059	12	0.228776440392883	0.000265732657204818
0.0712727115194256	181.98	190	-30.4	13.397	13.397	0	65.2019224189639	12	0.228776440392883	0.000260732420921967
0.0713930363317322	181.98	190	-30.4	13.397	13.397	0	66.2728882798854	12	0.228776440392883	0.000274252093005697
0.0715676536483762	181.98	190	-30.4	13.397	13.397	0	67.1066419012831	12	0.228776440392883	0.000284486299074014
0.0715582886456815	181.98	190	-30.4	13.397	13.397	0	66.7427980072113	12	0.228776440392883	0.000279178523536666
0.0715416403361437	181.98	190	-30.4	13.397	13.397	0	66.4129220654465	12	0.228776440392883	0.000274644129170064
0.0710702898105089	181.98	190	-30.4	13.397	13.397	0	66.7101029646941	12	0.228776440392883	0.00028609263182633
0.0717365410763193	181.98	190	-30.4	13.397	13.397	0	66.6649303741978	12	0.228776440392883	0.000276354659541166
0.0713655560088598	181.98	190	-30.4	13.397	13.397	0	66.7802435260188	12	0.228776440392883	0.000282259837644334
0.0714667128843735	181.98	190	-30.4	13.397	13.397	0	67.6960706074394	12	0.228776440392883	0.00029551849765644
0.0713294269664091	181.98	190	-30.4	13.397	13.397	0	66.7722601253664	12	0.228776440392883	0.000282675195407079
0.0720006999872664	181.98	190	-30.4	13.397	13.397	0	67.2962498306019	12	0.228776440392883	0.000282848824174837
0.0708898968061488	181.98	190	-30.4	13.397	13.397	0	66.3596749717639	12	0.228776440392883	0.00028360436174661
0.0717518276696155	181.98	190	-30.4	13.397	13.397	0	67.4150451512877	12	0.228776440392883	0.000286843679588801
0.0725911654753327	181.98	190	-30.4	13.397	13.397	0	66.4526731687284	12	0.228776440392883	0.000273961297695641
0.0720663546614098	181.98	190	-30.4	13.397	13.397	0	66.9480133220168	12	0.228776440392883	0.000278027872257175
0.0720203909602154	181.98	190	-30.4	13.397	13.397	0	66.0943953735573	12	0.228776440392883	0.000268259885829619
0.0712564654676601	181.98	190	-30.4	13.397	13.397	0	66.5212558985456	12	0.228776440392883	0.000279827970498582
0.0716946279322874	181.98	190	-30.4	13.397	13.397	0	67.7579719784328	12	0.228776440392883	0.000292860048360996
0.0722905856213619	181.98	190	-30.4	13.397	13.397	0	66.8321445349007	12	0.228776440392883	0.000276313655544126
0.0716981242997379	181.98	190	-30.4	13.397	13.397	0	66.2364849939552	12	0.228776440392883	0.000270998601211898
0.0725106121922251	181.98	190	-30.4	13.397	13.397	0	66.6752768175132	12	0.228776440392883	0.000275392709767101
0.0717997578489178	181.98	190	-30.4	13.397	13.397	0	66.7521043300241	12	0.228776440392883	0.000277034065944001
0.0712919723230285	181.98	190	-30.4	13.397	13.397	0	66.2481335234029	12	0.228776440392883	0.000275138716609741
0.070516881056649	181.98	190	-30.4	13.397	13.397	0	65.3912652196339	12	0.228776440392883	0.000274494456356139
0.0719254727997444	181.98	190	-30.4	13.397	13.397	0	66.1206021692217	12	0.228776440392883	0.000268648157107668
0.0722592514830143	181.98	190	-30.4	13.397	13.397	0	67.2935002210672	12	0.228776440392883	0.000281607115016856
0.0722212991070517	181.98	190	-30.4	13.397	13.397	0	68.3822135124298	12	0.228776440392883	0.000296130876580783
0.0714489508730374	181.98	190	-30.4	13.397	13.397	0	66.6607779071434	12	0.228776440392883	0.000279286342809938
0.0714919931843484	181.98	190	-30.4	13.397	13.397	0	66.1106452285881	12	0.228776440392883	0.000270939668444031
0.0720377169547639	181.98	190	-30.4	13.397	13.397	0	66.9835861158002	12	0.228776440392883	0.000278591554806311
0.0719438888598542	181.98	190	-30.4	13.397	13.397	0	67.4686660160632	12	0.228776440392883	0.000285650155320208
0.0711144339042506	181.98	190	-30.4	13.397	13.397	0	66.5266267411435	12	0.228776440392883	0.000282221183637243
0.0713684993314855	181.98	190	-30.4	13.397	13.397	0	66.764050070738	12	0.228776440392883	0.000281963833241673
0.0712942524238748	181.98	190	-30.4	13.397	13.397	0	66.3772151349334	12	0.228776440392883	0.000277056278048451
0.0719528046509293	181.98	190	-30.4	13.397	13.397	0	66.9435182401924	12	0.228776440392883	0.000278526423116537
0.0715751083160207	181.98	190	-30.4	13.397	13.397	0	66.4122523960681	12	0.228776440392883	0.000274311498221546
0.0713448424015819	181.98	190	-30.4	13.397	13.397	0	66.783259256064	12	0.228776440392883	0.000282615336363733
0.0718759988878744	181.98	190	-30.4	13.397	13.397	0	66.9373048378091	12	0.228776440392883	0.000278943294652649
0.0714790309149389	181.98	190	-30.4	13.397	13.397	0	67.1472656499825	12	0.228776440392883	0.000286352652499964
0.0716884734035696	181.98	190	-30.4	13.397	13.397	0	65.7974888247798	12	0.228776440392883	0.000265609436128604
0.07025074505833	181.98	190	-30.4	13.397	13.397	0	66.5808310160648	12	0.228776440392883	0.000303972710729427
0.0711865203421272	181.98	190	-30.4	13.397	13.397	0	67.9485704995994	12	0.228776440392883	0.000305803583323742
0.0720549079866623	181.98	190	-30.4	13.397	13.397	0	67.4538172005416	12	0.228776440392883	0.000284581977188303
0.0720204160872379	181.98	190	-30.4	13.397	13.397	0	66.8198404773585	12	0.228776440392883	0.000276635145727761
0.0707301131527667	181.98	190	-30.4	13.397	13.397	0	66.228077588098	12	0.228776440392883	0.000284631381961064
0.0718805446745189	181.98	190	-30.4	13.397	13.397	0	67.1388824661792	12	0.228776440392883	0.000281625404745866
0.0721466653486219	181.98	190	-30.4	13.397	13.397	0	67.6223723221789	12	0.228776440392883	0.000286229532618976
0.0720107751745234	181.98	190	-30.4	13.397	13.397	0	66.7118952963032	12	0.228776440392883	0.000275354940693362
0.0726166944292135	181.98	190	-30.4	13.397	13.397	0	67.3803046927303	12	0.228776440392883	0.000282757321675522
0.071863719868372	181.98	190	-30.4	13.397	13.397	0	67.4251129469468	12	0.228776440392883	0.000285782118037484
0.0717410810756155	181.98	190	-30.4	13.397	13.397	0	66.4453737793439	12	0.228776440392883	0.000273412751587026
0.0718682412567507	181.98	190	-30.4	13.397	13.397	0	68.3081836479678	12	0.228776440392883	0.000299118660878295
0.0715123170570595	181.98	190	-30.4	13.397	13.397	0	66.2404581403109	12	0.228776440392883	0.000272531815208676
0.0711689540371267	181.98	190	-30.4	13.397	13.397	0	67.5765465240481	12	0.228776440392883	0.000299326292308696
0.0717982202821331	181.98	190	-30.4	13.397	13.397	0	67.5045358731789	12	0.228776440392883	0.000287636631678904
0.0718790224409236	181.98	190	-30.4	13.397	13.397	0	67.4826646084749	12	0.228776440392883	0.000286455412466114
0.0713250739523335	181.98	190	-30.4	13.397	13.397	0	66.404352885045	12	0.228776440392883	0.000277049022594888
0.0719212519781277	181.98	190	-30.4	13.397	13.397	0	66.1687900167801	12	0.228776440392883	0.000269207547728426
0.0716408481216765	181.98	190	-30.4	13.397	13.397	0	66.6440222266528	12	0.228776440392883	0.000276907523899765
0.0710732539214883	181.98	190	-30.4	13.397	13.397	0	65.4380203742114	12	0.228776440392883	0.000266002758422669
0.0717690095825856	181.98	190	-30.4	13.397	13.397	0	66.8414704698948	12	0.228776440392883	0.000278483316546778
0.072401733773505	181.98	190	-30.4	13.397	13.397	0	65.9485005441625	12	0.228776440392883	0.000268243177945675
0.0723572518938042	181.98	190	-30.4	13.397	13.397	0	66.1818357408329	12	0.228776440392883	0.000270006068207968
0.0718776866993834	181.98	190	-30.4	13.397	13.397	0	66.769162508342	12	0.228776440392883	0.000276726800754736
0.0717583725990089	181.98	190	-30.4	13.397	13.397	0	67.4094890690886	12	0.228776440392883	0.000286684953454508
0.0715464740564909	181.98	190	-30.4	13.397	13.397	0	66.82839274424	12	0.228776440392883	0.000280573759143563
0.0714583598210155	181.98	190	-30.4	13.397	13.397	0	66.6352172223421	12	0.228776440392883	0.000278786281245449
0.0716168669005528	181.98	190	-30.4	13.397	13.397	0	67.2336028617707	12	0.228776440392883	0.000285777874998672
0.0722585213010846	181.98	190	-30.4	13.397	13.397	0	67.4380889217059	12	0.228776440392883	0.00028336021281209
0.0715223989224046	181.98	190	-30.4	13.397	13.397	0	65.9173831844714	12	0.228776440392883	0.000268099472151563
0.0714045245354344	181.98	190	-30.4	13.397	13.397	0	66.8321318721263	12	0.228776440392883	0.000282502876998416
0.0721530119240589	181.98	190	-30.4	13.397	13.397	0	66.7843665512208	12	0.228776440392883	0.000275843164861434
0.0713506422931159	181.98	190	-30.4	13.397	13.397	0	67.1577727845275	12	0.228776440392883	0.000288554306476367
0.0716297286145364	181.98	190	-30.4	13.397	13.397	0	67.3791219457498	12	0.228776440392883	0.000287839461324421
0.0718190514243727	181.98	190	-30.4	13.397	13.397	0	67.0153574064473	12	0.228776440392883	0.000280442934611773
0.0714354251529046	181.98	190	-30.4	13.397	13.397	0	66.0906549740716	12	0.228776440392883	0.00027120604323047
0.0718282391134175	181.98	190	-30.4	13.397	13.397	0	68.8112095521764	12	0.228776440392883	0.000308099061810726
0.0717712918114567	181.98	190	-30.4	13.397	13.397	0	66.8440463493002	12	0.228776440392883	0.000278499316065784
0.0717439876841872	181.98	190	-30.4	13.397	13.397	0	67.4920403465591	12	0.228776440392883	0.000288090824258777
0.0713577810937993	181.98	190	-30.4	13.397	13.397	0	67.3914468816841	12	0.228776440392883	0.000292323134298357
0.0714675967047584	181.98	190	-30.4	13.397	13.397	0	66.2750636114519	12	0.228776440392883	0.000273460766580403
0.0715499370697341	181.98	190	-30.4	13.397	13.397	0	66.2380895535868	12	0.228776440392883	0.000272153290388669
0.0716520808384765	181.98	190	-30.4	13.397	13.397	0	67.7895489729567	12	0.228776440392883	0.000293996613222603
0.072159236078188	181.98	190	-30.4	13.397	13.397	0	66.5793379805756	12	0.228776440392883	0.000273525291048504
0.0719309151844121	181.98	190	-30.4	13.397	13.397	0	67.0907520237755	12	0.228776440392883	0.000280595772101662
0.0719101909254439	181.98	190	-30.4	13.397	13.397	0	66.9193368580641	12	0.228776440392883	0.000278474499768293
0.0713640172480611	181.98	190	-30.4	13.397	13.397	0	65.330293828371	12	0.228776440392883	0.000261690282784178
0.0716985744609069	181.98	190	-30.4	13.397	13.397	0	67.6863157170352	12	0.228776440392883	0.000291674328768341
0.0722556795113339	181.98	190	-30.4	13.397	13.397	0	67.583698326668	12	0.228776440392883	0.000285177529524288
0.0714375854009644	181.98	190	-30.4	13.397	13.397	0	66.9193695255185	12	0.228776440392883	0.000283385839012709
0.0717071216053604	181.98	190	-30.4	13.397	13.397	0	66.6993496942285	12	0.228776440392883	0.000277068590822363
0.0714546377194634	181.98	190	-30.4	13.397	13.397	0	66.382856243613	12	0.228776440392883	0.000275137095869799
0.0713933009546923	181.98	190	-30.4	13.397	13.397	0	66.5625734366477	12	0.228776440392883	0.000278531066312903
0.0717967167799014	181.98	190	-30.4	13.397	13.397	0	67.7324553210372	12	0.228776440392883	0.000291083072105625
0.0720766911698749	181.98	190	-30.4	13.397	13.397	0	66.648029627982	12	0.228776440392883	0.000274406446752764
0.071336613989544	181.98	190	-30.4	13.397	13.397	0	66.5395153632856	12	0.228776440392883	0.000278947623168226
0.0716699105872262	181.98	190	-30.4	13.397	13.397	0	67.234702713631	12	0.228776440392883	0.000285128735187415
0.0714390463400782	181.98	190	-30.4	13.397	13.397	0	67.7299894990641	12	0.228776440392883	0.000296595510705086
0.0717892302792803	181.98	190	-30.4	13.397	13.397	0	67.3859993981342	12	0.228776440392883	0.000285991669596856
0.0721943062736221	181.98	190	-30.4	13.397	13.397	0	67.4862956866508	12	0.228776440392883	0.000284211434344183
0.0715224234216967	181.98	190	-30.4	13.397	13.397	0	66.3757794651799	12	0.228776440392883	0.000274315855899689
0.0713645884461835	181.98	190	-30.4	13.397	13.397	0	66.19430961733	12	0.228776440392883	0.000273445096769564
0.0717685692104442	181.98	190	-30.4	13.397	13.397	0	65.6844079999861	12	0.228776440392883	0.000264033162407778
0.0717432256049766	181.98	190	-30.4	13.397	13.397	0	67.0945044550556	12	0.228776440392883	0.000282260559198342
0.0718714279102583	181.98	190	-30.4	13.397	13.397	0	66.4126845906574	12	0.228776440392883	0.000272268936282067
0.0711342279577714	181.98	190	-30.4	13.397	13.397	0	66.7560260900253	12	0.228776440392883	0.000285678612289119
0.0721223656535239	181.98	190	-30.4	13.397	13.397	0	66.8371754091128	12	0.228776440392883	0.000276517622544917
0.0711045698656346	181.98	190	-30.4	13.397	13.397	0	66.8113275642263	12	0.228776440392883	0.000287165494583906
0.0713123578205893	181.98	190	-30.4	13.397	13.397	0	66.3637198184886	12	0.228776440392883	0.000276605844872196
0.0721146995166428	181.98	190	-30.4	13.397	13.397	0	66.5156611837685	12	0.228776440392883	0.000272842557731582
0.0717843183189912	181.98	190	-30.4	13.397	13.397	0	67.4104387652514	12	0.228776440392883	0.000286404373049577
0.0716951335140162	181.98	190	-30.4	13.397	13.397	0	68.2939996302487	12	0.228776440392883	0.000301618662579218
0.0714066444226834	181.98	190	-30.4	13.397	13.397	0	66.3869194554397	12	0.228776440392883	0.000275753029964644
0.0718632640980536	181.98	190	-30.4	13.397	13.397	0	67.6022364778867	12	0.228776440392883	0.000288354032861625
0.0712772644180367	181.98	190	-30.4	13.397	13.397	0	66.1248197022008	12	0.228776440392883	0.000273493270501234
0.0719357878605515	181.98	190	-30.4	13.397	13.397	0	66.372541085665	12	0.228776440392883	0.00027154382184474
0.0716115200773316	181.98	190	-30.4	13.397	13.397	0	66.9205220213186	12	0.228776440392883	0.000281166661265757
0.0720045281115114	181.98	190	-30.4	13.397	13.397	0	67.6093633619065	12	0.228776440392883	0.000287091487212147
0.0718832310241702	181.98	190	-30.4	13.397	13.397	0	66.4303951276124	12	0.228776440392883	0.000272434246162586
0.0720421106924868	181.98	190	-30.4	13.397	13.397	0	66.9585456136663	12	0.228776440392883	0.00027825910276332
0.0710036007282506	181.98	190	-30.4	13.397	13.397	0	66.8934830665265	12	0.228776440392883	0.000290608430007189
0.0724345458612997	181.98	190	-30.4	13.397	13.397	0	66.3984548186828	12	0.228776440392883	0.000272412481543817
0.0711461748270806	181.98	190	-30.4	13.397	13.397	0	65.4346560797682	12	0.228776440392883	0.000265093078146116
0.0722152018464665	181.98	190	-30.4	13.397	13.397	0	66.6911431188905	12	0.228776440392883	0.00027474888582282
0.0723615595153806	181.98	190	-30.4	13.397	13.397	0	66.9754577325905	12	0.228776440392883	0.000277924641459641
0.0715191460642352	181.98	190	-30.4	13.397	13.397	0	66.5131731912341	12	0.228776440392883	0.000276297002556905
0.0717940771437175	181.98	190	-30.4	13.397	13.397	0	67.3166189055483	12	0.228776440392883	0.000284930190837516
0.0722748620200508	181.98	190	-30.4	13.397	13.397	0	66.8361140125806	12	0.228776440392883	0.000276349530537261
0.071823738194298	181.98	190	-30.4	13.397	13.397	0	66.6088885803792	12	0.228776440392883	0.000274991867277324
0.0716672407764812	181.98	190	-30.4	13.397	13.397	0	72.7348328501236	12	0.228776440392883	0.000395223320489823
0.0716529942305352	181.98	190	-30.4	13.397	13.397	0	66.6409267803903	12	0.228776440392883	0.000276750255303867
0.0701255966818212	181.98	190	-30.4	13.397	13.397	0	65.4298408824531	12	0.228776440392883	0.000284449620066558
0.0716661526479866	181.98	190	-30.4	13.397	13.397	0	66.563011464316	12	0.228776440392883	0.000275560128558589
0.0718619168112478	181.98	190	-30.4	13.397	13.397	0	67.1027436555623	12	0.228776440392883	0.000281283251916239
0.0723723280004571	181.98	190	-30.4	13.397	13.397	0	67.1607343560156	12	0.228776440392883	0.00027995682346393
0.0720291967725005	181.98	190	-30.4	13.397	13.397	0	67.2647260446273	12	0.228776440392883	0.000282244181982699
0.0718104328142542	181.98	190	-30.4	13.397	13.397	0	66.8271726547285	12	0.228776440392883	0.000277957052699722
0.0722004969378989	181.98	190	-30.4	13.397	13.397	0	66.8155979627093	12	0.228776440392883	0.000276141927930447
0.0721130589560954	181.98	190	-30.4	13.397	13.397	0	66.8693303574231	12	0.228776440392883	0.000276921622159195
0.0721239622894015	181.98	190	-30.4	13.397	13.397	0	67.5908463220992	12	0.228776440392883	0.00028595345237015
0.0717925558957553	181.98	190	-30.4	13.397	13.397	0	66.1541124163327	12	0.228776440392883	0.000269461095013957
0.0715137390870757	181.98	190	-30.4	13.397	13.397	0	66.1035708024386	12	0.228776440392883	0.000270648517603654
0.071683795117023	181.98	190	-30.4	13.397	13.397	0	66.6144408191718	12	0.228776440392883	0.000276109439921184
0.0714095260624441	181.98	190	-30.4	13.397	13.397	0	66.092979288315	12	0.228776440392883	0.000271502842311178
0.0711779207306581	181.98	190	-30.4	13.397	13.397	0	66.6307980487458	12	0.228776440392883	0.000282838674775402
0.0717155811859646	181.98	190	-30.4	13.397	13.397	0	67.7840184691934	12	0.228776440392883	0.000292971976718043
0.0717047516135375	181.98	190	-30.4	13.397	13.397	0	67.9194863635332	12	0.228776440392883	0.00029529054606117
0.0723700897839657	181.98	190	-30.4	13.397	13.397	0	67.5626338039871	12	0.228776440392883	0.000284580193347496
0.0712519428332438	181.98	190	-30.4	13.397	13.397	0	66.5634435238902	12	0.228776440392883	0.000280561336655541
0.07190700622152	181.98	190	-30.4	13.397	13.397	0	66.9845815794295	12	0.228776440392883	0.000279353322246648
0.0713844312394484	181.98	190	-30.4	13.397	13.397	0	65.9912508944661	12	0.228776440392883	0.000270337661509498
0.0713644362486438	181.98	190	-30.4	13.397	13.397	0	66.5691751665542	12	0.228776440392883	0.000279017351930554
0.0713105155664049	181.98	190	-30.4	13.397	13.397	0	66.5070624942749	12	0.228776440392883	0.000278816026794058
0.0718529251422578	181.98	190	-30.4	13.397	13.397	0	67.3252845808087	12	0.228776440392883	0.000284464582201326
0.0718005824679315	181.98	190	-30.4	13.397	13.397	0	67.4727582747296	12	0.228776440392883	0.00028714028825104
0.0712321551210634	181.98	190	-30.4	13.397	13.397	0	67.5529060017434	12	0.228776440392883	0.000297554828389794
0.0716535573075831	181.98	190	-30.4	13.397	13.397	0	67.7383139147947	12	0.228776440392883	0.000293150877397535
0.072046869873342	181.98	190	-30.4	13.397	13.397	0	67.3298702533564	12	0.228776440392883	0.000282989989801854
0.0716906065747343	181.98	190	-30.4	13.397	13.397	0	67.5319250190127	12	0.228776440392883	0.000289381223888512
0.0711634776866968	181.98	190	-30.4	13.397	13.397	0	67.0125423199394	12	0.228776440392883	0.000289481955493547
0.0723597613121541	181.98	190	-30.4	13.397	13.397	0	66.9548751929942	12	0.228776440392883	0.000277701285243433
0.0723251390737042	181.98	190	-30.4	13.397	13.397	0	66.2519750365476	12	0.228776440392883	0.000270502212653534
0.0707147974793127	181.98	190	-30.4	13.397	13.397	0	69.4895157965601	12	0.228776440392883	0.000353185461742468
0.0713786799870572	181.98	190	-30.4	13.397	13.397	0	66.6516752097554	12	0.228776440392883	0.000280082123777204
0.0720593212848971	181.98	190	-30.4	13.397	13.397	0	66.9776386585323	12	0.228776440392883	0.000278422259853258
0.0713938735680366	181.98	190	-30.4	13.397	13.397	0	66.4034606156629	12	0.228776440392883	0.000276151372418525
0.071770603686937	181.98	190	-30.4	13.397	13.397	0	67.8741193795438	12	0.228776440392883	0.000293619325756249
0.0717176188763495	181.98	190	-30.4	13.397	13.397	0	66.9122403898623	12	0.228776440392883	0.000279928823297449
0.0726824312576092	181.98	190	-30.4	13.397	13.397	0	67.5244780045068	12	0.228776440392883	0.000284468279452127
0.0721750566493665	181.98	190	-30.4	13.397	13.397	0	66.9238606633693	12	0.228776440392883	0.000277421281460419
0.0719052145682618	181.98	190	-30.4	13.397	13.397	0	67.4689112941087	12	0.228776440392883	0.000286005546813148
0.0717212536087552	181.98	190	-30.4	13.397	13.397	0	66.3049295834458	12	0.228776440392883	0.000271728451405997
0.0724858821568625	181.98	190	-30.4	13.397	13.397	0	67.7080843402143	12	0.228776440392883	0.000286141537095936
0.0719497446247141	181.98	190	-30.4	13.397	13.397	0	66.5525850065533	12	0.228776440392883	0.000273651385742403
0.0714823772553434	181.98	190	-30.4	13.397	13.397	0	67.0037475892863	12	0.228776440392883	0.000284061983215219
0.0716502883935929	181.98	190	-30.4	13.397	13.397	0	66.5700574122126	12	0.228776440392883	0.000275796502715564
0.0721101680860048	181.98	190	-30.4	13.397	13.397	0	67.2584489186829	12	0.228776440392883	0.000281714931428396
0.0718171063318805	181.98	190	-30.4	13.397	13.397	0	66.7323533921807	12	0.228776440392883	0.000276646824251682
0.0720334531621698	181.98	190	-30.4	13.397	13.397	0	65.9969333252669	12	0.228776440392883	0.000267223947007326
0.0721744698010218	181.98	190	-30.4	13.397	13.397	0	67.0300687987291	12	0.228776440392883	0.000278673433721015
0.0719257586099941	181.98	190	-30.4	13.397	13.397	0	66.029783734124	12	0.228776440392883	0.000267624171262904
0.071499064215556	181.98	190	-30.4	13.397	13.397	0	67.2248913594093	12	0.228776440392883	0.000287282253920783
0.0717595740060672	181.98	190	-30.4	13.397	13.397	0	67.4076516059203	12	0.228776440392883	0.000286643817806299
0.0714206327283154	181.98	190	-30.4	13.397	13.397	0	66.26999295664	12	0.228776440392883	0.000273895769725652
0.0721756242452135	181.98	190	-30.4	13.397	13.397	0	66.8864093737076	12	0.228776440392883	0.000276984749590665
0.0715608935841445	181.98	190	-30.4	13.397	13.397	0	66.9923850470292	12	0.228776440392883	0.000282843281229918
0.0716917240396377	181.98	190	-30.4	13.397	13.397	0	66.8272840991679	12	0.228776440392883	0.000278984311634289
0.0706613396539015	181.98	190	-30.4	13.397	13.397	0	67.292968025036	12	0.228776440392883	0.000306567943961493
0.0717520549309635	181.98	190	-30.4	13.397	13.397	0	66.8161946960371	12	0.228776440392883	0.00027828151335382
0.0721586966586996	181.98	190	-30.4	13.397	13.397	0	67.4201038359006	12	0.228776440392883	0.000283536876978504
0.0722936316947659	181.98	190	-30.4	13.397	13.397	0	68.2362369843748	12	0.228776440392883	0.000293523846653607
0.0711585810006216	181.98	190	-30.4	13.397	13.397	0	67.3158304184954	12	0.228776440392883	0.000294865941631229
0.0718777079329705	181.98	190	-30.4	13.397	13.397	0	66.061633686627	12	0.228776440392883	0.000268077926704456
0.0719431943811376	181.98	190	-30.4	13.397	13.397	0	68.1659757222307	12	0.228776440392883	0.000295884448575755
0.0719464040514835	181.98	190	-30.4	13.397	13.397	0	67.2823697168361	12	0.228776440392883	0.000283059570401259
0.0717922341566317	181.98	190	-30.4	13.397	13.397	0	67.1055350146821	12	0.228776440392883	0.000281936915785551
0.071700927278293	181.98	190	-30.4	13.397	13.397	0	66.3424690698997	12	0.228776440392883	0.000272348878668233
0.0721114204459932	181.98	190	-30.4	13.397	13.397	0	66.892435798721	12	0.228776440392883	0.000277201530840835
0.0712572423322307	181.98	190	-30.4	13.397	13.397	0	67.3712849117939	12	0.228776440392883	0.000293858521819056
0.0718054979899878	181.98	190	-30.4	13.397	13.397	0	66.7840342045013	12	0.228776440392883	0.000277417061737283
0.0715747486929159	181.98	190	-30.4	13.397	13.397	0	66.8053575141429	12	0.228776440392883	0.000279903202193119
0.0717374240540233	181.98	190	-30.4	13.397	13.397	0	66.5789625824439	12	0.228776440392883	0.000275196648833737
0.071720548873179	181.98	190	-30.4	13.397	13.397	0	66.7191068680047	12	0.228776440392883	0.000277222961890435
0.0716795891081914	181.98	190	-30.4	13.397	13.397	0	67.8153075071776	12	0.228776440392883	0.000293994813481276
0.0723762443498397	181.98	190	-30.4	13.397	13.397	0	67.4437363613893	12	0.228776440392883	0.000283170886464209
0.0720986636524106	181.98	190	-30.4	13.397	13.397	0	67.7811647223478	12	0.228776440392883	0.000288707329968548
0.0714103917737965	181.98	190	-30.4	13.397	13.397	0	66.9879714193162	12	0.228776440392883	0.000284860219917216
0.0716962597373141	181.98	190	-30.4	13.397	13.397	0	67.5204261692796	12	0.228776440392883	0.000289129240263233
0.0714322915241508	181.98	190	-30.4	13.397	13.397	0	65.6032337163565	12	0.228776440392883	0.000264692589534993
0.0713037250205905	181.98	190	-30.4	13.397	13.397	0	66.9431854336635	12	0.228776440392883	0.000285826022121785
0.071564578956233	181.98	190	-30.4	13.397	13.397	0	67.3557018126607	12	0.228776440392883	0.000288386118122119
0.0719839914497891	181.98	190	-30.4	13.397	13.397	0	68.5296306562344	12	0.228776440392883	0.000301020278449749
0.0718411392944018	181.98	190	-30.4	13.397	13.397	0	66.0057904070567	12	0.228776440392883	0.00026752824298741
0.0717352583928856	181.98	190	-30.4	13.397	13.397	0	66.6508571979167	12	0.228776440392883	0.000276175386654339
0.0725756332454052	181.98	190	-30.4	13.397	13.397	0	67.6707374199009	12	0.228776440392883	0.000285744226215361
0.0718728025683681	181.98	190	-30.4	13.397	13.397	0	67.5085343243684	12	0.228776440392883	0.000286890331125639
0.0718040477803471	181.98	190	-30.4	13.397	13.397	0	67.8510585274338	12	0.228776440392883	0.000292810866345564
0.0720318771547333	181.98	190	-30.4	13.397	13.397	0	67.0346918357253	12	0.228776440392883	0.000279262982155246
0.0716526428208172	181.98	190	-30.4	13.397	13.397	0	66.5644336351052	12	0.228776440392883	0.000275698249641521
0.0721329340508331	181.98	190	-30.4	13.397	13.397	0	67.0460552241053	12	0.228776440392883	0.000278985576217435
0.0717765107427435	181.98	190	-30.4	13.397	13.397	0	67.2880450027832	12	0.228776440392883	0.000284701735810891
0.0710686306338608	181.98	190	-30.4	13.397	13.397	0	65.6834471905567	12	0.228776440392883	0.000269679950077438
0.0720687022374088	181.98	190	-30.4	13.397	13.397	0	66.0402012818156	12	0.228776440392883	0.000267705707734094
0.0722028319880188	181.98	190	-30.4	13.397	13.397	0	66.2548460105113	12	0.228776440392883	0.000270127336168779
0.0716423193872135	181.98	190	-30.4	13.397	13.397	0	66.9276975404699	12	0.228776440392883	0.000280926003806906
0.0710825662447646	181.98	190	-30.4	13.397	13.397	0	66.6394204731853	12	0.228776440392883	0.000284667127778741
0.0719844158514633	181.98	190	-30.4	13.397	13.397	0	67.8737643253316	12	0.228776440392883	0.000291048193502894
0.0720366440370315	181.98	190	-30.4	13.397	13.397	0	66.9166205778451	12	0.228776440392883	0.000277762013349065
0.0716150525071678	181.98	190	-30.4	13.397	13.397	0	66.4828005860888	12	0.228776440392883	0.000274915123879497
0.0721287365222324	181.98	190	-30.4	13.397	13.397	0	66.734593437636	12	0.228776440392883	0.000275309247359664
0.071620823323238	181.98	190	-30.4	13.397	13.397	0	65.3185458342037	12	0.228776440392883	0.000260267532378971
0.071084111332086	181.98	190	-30.4	13.397	13.397	0	66.5851194674962	12	0.228776440392883	0.000283728768648358
0.0716297209598065	181.98	190	-30.4	13.397	13.397	0	66.4897606544722	12	0.228776440392883	0.000274878751991029
0.0704967905193506	181.98	190	-30.4	13.397	13.397	0	66.7061909750229	12	0.228776440392883	0.000299392643273546
0.0706821781870022	181.98	190	-30.4	13.397	13.397	0	66.8134563692108	12	0.228776440392883	0.000296581208210196
0.0725666507344691	181.98	190	-30.4	13.397	13.397	0	67.2449511457101	12	0.228776440392883	0.000281204836842458
0.0714578081375168	181.98	190	-30.4	13.397	13.397	0	66.3740424796139	12	0.228776440392883	0.000274975025735175
0.0724985059300029	181.98	190	-30.4	13.397	13.397	0	67.5252637129584	12	0.228776440392883	0.000284064101421663
0.0717180109319525	181.98	190	-30.4	13.397	13.397	0	67.5097681170071	12	0.228776440392883	0.000288684135969574
0.071556274397812	181.98	190	-30.4	13.397	13.397	0	66.5076953746858	12	0.228776440392883	0.000275828824296157
0.0724739862667078	181.98	190	-30.4	13.397	13.397	0	67.5758465498239	12	0.228776440392883	0.000284628165506922
0.0714640126054339	181.98	190	-30.4	13.397	13.397	0	67.136978806215	12	0.228776440392883	0.000286413380284558
0.0720234842796504	181.98	190	-30.4	13.397	13.397	0	66.3716589847863	12	0.228776440392883	0.000271328470058593
0.0725941765610255	181.98	190	-30.4	13.397	13.397	0	67.4715293415473	12	0.228776440392883	0.000283634019057626
0.0725302392545985	181.98	190	-30.4	13.397	13.397	0	67.4048501435521	12	0.228776440392883	0.000282785063008903
0.0722214400995434	181.98	190	-30.4	13.397	13.397	0	67.2896194217694	12	0.228776440392883	0.000281663728338089
0.0702455884747823	181.98	190	-30.4	13.397	13.397	0	65.1252386726944	12	0.228776440392883	0.00027577096242857
0.0716692432305868	181.98	190	-30.4	13.397	13.397	0	67.3261799903004	12	0.228776440392883	0.000286513537620265
0.0713678544885794	181.98	190	-30.4	13.397	13.397	0	66.3481454108892	12	0.228776440392883	0.000275656423056236
0.0718255875646177	181.98	190	-30.4	13.397	13.397	0	67.5022443290977	12	0.228776440392883	0.000287297214884205
0.0717847238590816	181.98	190	-30.4	13.397	13.397	0	67.7054539344296	12	0.228776440392883	0.000290822296080851
0.07197392768127	181.98	190	-30.4	13.397	13.397	0	67.7665640558284	12	0.228776440392883	0.000289600253863705
0.0714581410978693	181.98	190	-30.4	13.397	13.397	0	66.919085475376	12	0.228776440392883	0.000283091624981619
0.071995761712385	181.98	190	-30.4	13.397	13.397	0	66.8084827778027	12	0.228776440392883	0.000276598910449427
0.0717622628718727	181.98	190	-30.4	13.397	13.397	0	67.8140553026213	12	0.228776440392883	0.000292794149647002
0.0712960528801586	181.98	190	-30.4	13.397	13.397	0	66.5252899902516	12	0.228776440392883	0.000279304865412251
0.0723467037010446	181.98	190	-30.4	13.397	13.397	0	66.2563347714082	12	0.228776440392883	0.000270641975180851
0.0717249954955516	181.98	190	-30.4	13.397	13.397	0	67.9453625280484	12	0.228776440392883	0.000295403045975407
0.0720249686220682	181.98	190	-30.4	13.397	13.397	0	66.5813693622413	12	0.228776440392883	0.000273750781334885
0.0721631519880689	181.98	190	-30.4	13.397	13.397	0	68.7181786536651	12	0.228776440392883	0.000301691291792882
0.0716556373034621	181.98	190	-30.4	13.397	13.397	0	67.6923961500491	12	0.228776440392883	0.000292386744014263
0.0718056854166864	181.98	190	-30.4	13.397	13.397	0	67.6272533522383	12	0.228776440392883	0.000289380128923885
0.0720150013976896	181.98	190	-30.4	13.397	13.397	0	66.8504421072705	12	0.228776440392883	0.000277035012728651
0.0715195670142271	181.98	190	-30.4	13.397	13.397	0	66.4569011379287	12	0.228776440392883	0.000275490125121928
0.0718282391835008	181.98	190	-30.4	13.397	13.397	0	66.9703131738604	12	0.228776440392883	0.000279750713890233
0.0715087262871194	181.98	190	-30.4	13.397	13.397	0	66.2239751050111	12	0.228776440392883	0.000272338501484857
0.0718202943226627	181.98	190	-30.4	13.397	13.397	0	68.3600027483692	12	0.228776440392883	0.000300672728804411
0.0715545633743148	181.98	190	-30.4	13.397	13.397	0	66.3209889732201	12	0.228776440392883	0.000273244925504296
0.0719921404334455	181.98	190	-30.4	13.397	13.397	0	67.087549355132	12	0.228776440392883	0.000280157406624195
0.0717370528751018	181.98	190	-30.4	13.397	13.397	0	67.5862341610112	12	0.228776440392883	0.00028960798198873
0.071997261235879	181.98	190	-30.4	13.397	13.397	0	66.7572160389451	12	0.228776440392883	0.000275960018923337
0.0716589511535625	181.98	190	-30.4	13.397	13.397	0	67.4867239293382	12	0.228776440392883	0.00028910827798152
0.0715758277741676	181.98	190	-30.4	13.397	13.397	0	67.5470820489155	12	0.228776440392883	0.000291260709459966
0.0712628627462387	181.98	190	-30.4	13.397	13.397	0	65.4152308329317	12	0.228776440392883	0.00026363096826389
0.0715410936647002	181.98	190	-30.4	13.397	13.397	0	65.25083223076	12	0.228776440392883	0.000259753554912853
0.0720832118209524	181.98	190	-30.4	13.397	13.397	0	66.5886124569356	12	0.228776440392883	0.000273707234070396
0.0719665855614932	181.98	190	-30.4	13.397	13.397	0	66.3439360012137	12	0.228776440392883	0.000271123827409152
0.0713662788198384	181.98	190	-30.4	13.397	13.397	0	66.7541068320645	12	0.228776440392883	0.000281841149296059
0.0721243832899263	181.98	190	-30.4	13.397	13.397	0	67.1303375950348	12	0.228776440392883	0.000280048671801824
0.0718823742033286	181.98	190	-30.4	13.397	13.397	0	66.5552958312425	12	0.228776440392883	0.000273981491983884
0.0725832065974629	181.98	190	-30.4	13.397	13.397	0	67.5249131489137	12	0.228776440392883	0.000284174121157461
0.0717588276810157	181.98	190	-30.4	13.397	13.397	0	68.3438928083524	12	0.228776440392883	0.0003013857885746
0.0718002835691576	181.98	190	-30.4	13.397	13.397	0	65.8738801211003	12	0.228776440392883	0.000266116534575724
0.071717636086351	181.98	190	-30.4	13.397	13.397	0	67.5945741373575	12	0.228776440392883	0.000289988805498158
0.0719355178524817	181.98	190	-30.4	13.397	13.397	0	66.6913901327509	12	0.228776440392883	0.000275419947952991
0.0721115126948634	181.98	190	-30.4	13.397	13.397	0	66.6340409529263	12	0.228776440392883	0.00027418253624254
0.0716330229582528	181.98	190	-30.4	13.397	13.397	0	67.4146001566782	12	0.228776440392883	0.000288343639122796
0.0717654829198281	181.98	190	-30.4	13.397	13.397	0	66.669987108979	12	0.228776440392883	0.000276196677059033
0.0712558298004424	181.98	190	-30.4	13.397	13.397	0	66.4593555772943	12	0.228776440392883	0.000278869613716649
0.0716519223383012	181.98	190	-30.4	13.397	13.397	0	66.6660927494393	12	0.228776440392883	0.000277110064427457
0.0718034373768345	181.98	190	-30.4	13.397	13.397	0	65.9242636707336	12	0.228776440392883	0.000266690496199118
0.0722833666640139	181.98	190	-30.4	13.397	13.397	0	67.4260407914177	12	0.228776440392883	0.000283140167490929
0.0716334210639564	181.98	190	-30.4	13.397	13.397	0	66.9409680215916	12	0.228776440392883	0.000281217466515653
0.0711381213416698	181.98	190	-30.4	13.397	13.397	0	66.7116416974614	12	0.228776440392883	0.000284865746562076
0.0719527356945316	181.98	190	-30.4	13.397	13.397	0	67.7861333612575	12	0.228776440392883	0.000290096840168226
0.071325942147072	181.98	190	-30.4	13.397	13.397	0	65.9173034759772	12	0.228776440392883	0.000269917405563396
0.0717207549412758	181.98	190	-30.4	13.397	13.397	0	65.3359127402359	12	0.228776440392883	0.000260259216022497
0.0717434383507684	181.98	190	-30.4	13.397	13.397	0	67.3508599323181	12	0.228776440392883	0.00028598838416332
0.0718443427855011	181.98	190	-30.4	13.397	13.397	0	67.3648044518781	12	0.228776440392883	0.000285110861826935
0.0718034974388599	181.98	190	-30.4	13.397	13.397	0	66.704858374285	12	0.228776440392883	0.000276380249915271
0.071743775298566	181.98	190	-30.4	13.397	13.397	0	67.2460559712771	12	0.228776440392883	0.000284444180206335
0.0719948067621834	181.98	190	-30.4	13.397	13.397	0	66.4604088785106	12	0.228776440392883	0.00027241035331689
0.0714924681378847	181.98	190	-30.4	13.397	13.397	0	67.2919237965278	12	0.228776440392883	0.000288447771110457
0.0714703452357068	181.98	190	-30.4	13.397	13.397	0	67.3783164245977	12	0.228776440392883	0.00029018831684742
0.0723626858770598	181.98	190	-30.4	13.397	13.397	0	67.3096953718102	12	0.228776440392883	0.000281636570387924
0.0718630308166841	181.98	190	-30.4	13.397	13.397	0	67.3275169275292	12	0.228776440392883	0.000284400450121862
0.0712907509277151	181.98	190	-30.4	13.397	13.397	0	66.0232458077267	12	0.228776440392883	0.000271837243797147
0.0719137918432831	181.98	190	-30.4	13.397	13.397	0	67.1045327855179	12	0.228776440392883	0.00028090293664741
0.0716886890307136	181.98	190	-30.4	13.397	13.397	0	66.7568989759184	12	0.228776440392883	0.000278029302546994
0.0713947089358367	181.98	190	-30.4	13.397	13.397	0	66.5817956257408	12	0.228776440392883	0.000278802488228715
0.0711452431140222	181.98	190	-30.4	13.397	13.397	0	66.7135027036836	12	0.228776440392883	0.000284769304244942
0.0719538167509592	181.98	190	-30.4	13.397	13.397	0	68.8300077497429	12	0.228776440392883	0.000306324127891151
0.0718715676210062	181.98	190	-30.4	13.397	13.397	0	66.5510922985858	12	0.228776440392883	0.00027398367675408
0.0716788426372423	181.98	190	-30.4	13.397	13.397	0	72.7406679385422	12	0.228776440392883	0.000394911403791634
0.0716850301173889	181.98	190	-30.4	13.397	13.397	0	67.6163779981711	12	0.228776440392883	0.000290768081421857
0.0721173411519063	181.98	190	-30.4	13.397	13.397	0	66.9330242200087	12	0.228776440392883	0.000277670217922899
0.072129394376289	181.98	190	-30.4	13.397	13.397	0	66.5607775207983	12	0.228776440392883	0.000273335184197446
0.0717360229126006	181.98	190	-30.4	13.397	13.397	0	66.2959941947573	12	0.228776440392883	0.00027152212621343
0.0713715583978159	181.98	190	-30.4	13.397	13.397	0	66.1106151380959	12	0.228776440392883	0.000272161821552686
0.0722790140744876	181.98	190	-30.4	13.397	13.397	0	66.379424555646	12	0.228776440392883	0.000271574362932746
0.0717131398640909	181.98	190	-30.4	13.397	13.397	0	67.3336385874296	12	0.228776440392883	0.000286087363595975
0.0717471300573049	181.98	190	-30.4	13.397	13.397	0	67.509616488652	12	0.228776440392883	0.000288317421031884
0.0719064618198297	181.98	190	-30.4	13.397	13.397	0	66.7041413664466	12	0.228776440392883	0.000275728015172181
0.0713725393236934	181.98	190	-30.4	13.397	13.397	0	66.2950524772719	12	0.228776440392883	0.000274817993035041
0.0722241795271212	181.98	190	-30.4	13.397	13.397	0	67.4859467498838	12	0.228776440392883	0.000284078093914446
0.071130398774441	181.98	190	-30.4	13.397	13.397	0	66.7783736973904	12	0.228776440392883	0.000286124466255772
0.071776253372278	181.98	190	-30.4	13.397	13.397	0	66.6241428521784	12	0.228776440392883	0.000275509424714233
0.0718158171702291	181.98	190	-30.4	13.397	13.397	0	66.3992766791902	12	0.228776440392883	0.000272372631613433
0.0725587852013118	181.98	190	-30.4	13.397	13.397	0	67.294823518373	12	0.228776440392883	0.000281692826137678
0.0717542557538322	181.98	190	-30.4	13.397	13.397	0	66.8064373265325	12	0.228776440392883	0.000278129231782611
0.0723153420678136	181.98	190	-30.4	13.397	13.397	0	68.4272980782004	12	0.228776440392883	0.00029600041180155
0.072031587575898	181.98	190	-30.4	13.397	13.397	0	66.8072767390589	12	0.228776440392883	0.000276437727401949
0.0723901949987699	181.98	190	-30.4	13.397	13.397	0	66.3792652352608	12	0.228776440392883	0.000272003078287518
0.0717695094694187	181.98	190	-30.4	13.397	13.397	0	66.6009376421451	12	0.228776440392883	0.000275251719772767
0.0716471992730616	181.98	190	-30.4	13.397	13.397	0	66.3598753065288	12	0.228776440392883	0.000272976795299152
0.0720983550833269	181.98	190	-30.4	13.397	13.397	0	67.0414179228004	12	0.228776440392883	0.000279052752895083
0.0725821546088996	181.98	190	-30.4	13.397	13.397	0	67.6906663081282	12	0.228776440392883	0.000285971637424859
0.0713277832579779	181.98	190	-30.4	13.397	13.397	0	67.1549071898956	12	0.228776440392883	0.000288896845043925
0.0717543793659963	181.98	190	-30.4	13.397	13.397	0	65.7558932342304	12	0.228776440392883	0.000264885848902467
0.0719194420550787	181.98	190	-30.4	13.397	13.397	0	66.9322514005224	12	0.228776440392883	0.000278583930413532
0.0719544825671326	181.98	190	-30.4	13.397	13.397	0	67.1819811528227	12	0.228776440392883	0.000281646152109965
0.0718050822238588	181.98	190	-30.4	13.397	13.397	0	66.8286264043029	12	0.228776440392883	0.000278017749454428
0.0723235722131518	181.98	190	-30.4	13.397	13.397	0	67.5054942262335	12	0.228776440392883	0.000283996425463392
0.072168279845559	181.98	190	-30.4	13.397	13.397	0	66.8229219015893	12	0.228776440392883	0.000276263502900868
0.0713355708284469	181.98	190	-30.4	13.397	13.397	0	66.340589317308	12	0.228776440392883	0.000275953224999143
0.0713465908093321	181.98	190	-30.4	13.397	13.397	0	67.0202792597131	12	0.228776440392883	0.0002863759831073
0.0718832484200843	181.98	190	-30.4	13.397	13.397	0	67.0831920970921	12	0.228776440392883	0.0002808463586428
0.0720257569059736	181.98	190	-30.4	13.397	13.397	0	67.0084649361005	12	0.228776440392883	0.000278961666732527
0.0719154477894315	181.98	190	-30.4	13.397	13.397	0	66.9406677749676	12	0.228776440392883	0.000278719531142895
0.0722348342594432	181.98	190	-30.4	13.397	13.397	0	67.7190736232441	12	0.228776440392883	0.000286999159278742
0.0719607892486477	181.98	190	-30.4	13.397	13.397	0	66.7850305739983	12	0.228776440392883	0.000276468682214297
0.0714169260107491	181.98	190	-30.4	13.397	13.397	0	66.2977590837363	12	0.228776440392883	0.000274336875333011
0.071457493299223	181.98	190	-30.4	13.397	13.397	0	67.3988254654388	12	0.228776440392883	0.000290731932115056
0.0714764442080614	181.98	190	-30.4	13.397	13.397	0	66.4679564939665	12	0.228776440392883	0.000276119039784519
0.0718918167126537	181.98	190	-30.4	13.397	13.397	0	67.2584493931849	12	0.228776440392883	0.000283176146528865
0.07238530489445	181.98	190	-30.4	13.397	13.397	0	66.4613639127486	12	0.228776440392883	0.000272758683367988
0.072209570497859	181.98	190	-30.4	13.397	13.397	0	66.7773628333502	12	0.228776440392883	0.000275705559483312
0.0717994607079373	181.98	190	-30.4	13.397	13.397	0	67.1027272819566	12	0.228776440392883	0.000281829935175575
0.0718449117188324	181.98	190	-30.4	13.397	13.397	0	66.8723889830302	12	0.228776440392883	0.000278303786776985
0.0719142103306007	181.98	190	-30.4	13.397	13.397	0	66.9036163831478	12	0.228776440392883	0.000278243816816882
0.0714723938577315	181.98	190	-30.4	13.397	13.397	0	66.3084120727115	12	0.228776440392883	0.000273881720880047
0.0718859484976583	181.98	190	-30.4	13.397	13.397	0	66.8343966706226	12	0.228776440392883	0.000277521819169615
0.0718168490078459	181.98	190	-30.4	13.397	13.397	0	67.8054539786455	12	0.228776440392883	0.000291944547387961
0.0713424255927385	181.98	190	-30.4	13.397	13.397	0	67.3046693877369	12	0.228776440392883	0.000291137535875964
0.0723109039929109	181.98	190	-30.4	13.397	13.397	0	66.7306159947941	12	0.228776440392883	0.000275249230984492
0.0723097660690755	181.98	190	-30.4	13.397	13.397	0	67.2768802126813	12	0.228776440392883	0.000281313517616051
0.0724842948086526	181.98	190	-30.4	13.397	13.397	0	67.5679687067903	12	0.228776440392883	0.00028453864468241
0.0717590204798508	181.98	190	-30.4	13.397	13.397	0	66.8403953767422	12	0.228776440392883	0.000278553485665839
0.0716398481204545	181.98	190	-30.4	13.397	13.397	0	67.3570399944629	12	0.228776440392883	0.000287363955505134
0.0719156803702721	181.98	190	-30.4	13.397	13.397	0	66.816873811858	12	0.228776440392883	0.000277113540871583
0.0718251574577163	181.98	190	-30.4	13.397	13.397	0	66.4908309771589	12	0.228776440392883	0.000273474426143699
0.0717786797394671	181.98	190	-30.4	13.397	13.397	0	67.5363722555667	12	0.228776440392883	0.000288338519818399
0.0711953306398543	181.98	190	-30.4	13.397	13.397	0	65.7553858495199	12	0.228776440392883	0.000269101493836001
0.0721441947677094	181.98	190	-30.4	13.397	13.397	0	67.1344519827006	12	0.228776440392883	0.000280025359701807
0.0720795579793745	181.98	190	-30.4	13.397	13.397	0	67.6523696348459	12	0.228776440392883	0.000287087175143908
0.0723817225482754	181.98	190	-30.4	13.397	13.397	0	66.9779519486901	12	0.228776440392883	0.000277977179137841
0.071308293317314	181.98	190	-30.4	13.397	13.397	0	66.1247006159227	12	0.228776440392883	0.000273104406218958
0.0722300305219161	181.98	190	-30.4	13.397	13.397	0	67.5374870127675	12	0.228776440392883	0.00028470181535135
0.0719070622499086	181.98	190	-30.4	13.397	13.397	0	66.9541042240207	12	0.228776440392883	0.000278950999761415
0.0716029428308882	181.98	190	-30.4	13.397	13.397	0	67.8175757518074	12	0.228776440392883	0.000295226659388875
0.0722143409629217	181.98	190	-30.4	13.397	13.397	0	66.2126301795628	12	0.228776440392883	0.000269730161641465
0.0721484350802779	181.98	190	-30.4	13.397	13.397	0	67.437015635544	12	0.228776440392883	0.000283804365603061
0.070082591922438	181.98	190	-30.4	13.397	13.397	0	66.2760460026173	12	0.228776440392883	0.000302770155993597
0.0712990194448055	181.98	190	-30.4	13.397	13.397	0	66.9230418966775	12	0.228776440392883	0.000285575971226445
0.0716409178572216	181.98	190	-30.4	13.397	13.397	0	67.2213527174218	12	0.228776440392883	0.000285285473164405
0.071638403008864	181.98	190	-30.4	13.397	13.397	0	67.2475984624474	12	0.228776440392883	0.000285713860769625
0.0719448237875812	181.98	190	-30.4	13.397	13.397	0	66.7613502972374	12	0.228776440392883	0.000276250411549387
0.071260272845698	181.98	190	-30.4	13.397	13.397	0	67.1151976246844	12	0.228776440392883	0.000289425950420982
0.0716558559925295	181.98	190	-30.4	13.397	13.397	0	66.6620232520218	12	0.228776440392883	0.000277016465366452
0.0715921539539736	181.98	190	-30.4	13.397	13.397	0	65.9305931095928	12	0.228776440392883	0.000267774736721465
0.0718209090570625	181.98	190	-30.4	13.397	13.397	0	67.9158332183321	12	0.228776440392883	0.000293591938217849
0.071964095326236	181.98	190	-30.4	13.397	13.397	0	67.1577105365247	12	0.228776440392883	0.000281256369880924
0.0717389474204969	181.98	190	-30.4	13.397	13.397	0	66.7598652720919	12	0.228776440392883	0.000277622825005925
0.0714695440992197	181.98	190	-30.4	13.397	13.397	0	65.8199585949443	12	0.228776440392883	0.000267233266864816
0.0717442581695245	181.98	190	-30.4	13.397	13.397	0	66.4104970330673	12	0.228776440392883	0.000272939232461033
0.0721363788926485	181.98	190	-30.4	13.397	13.397	0	66.7988891990993	12	0.228776440392883	0.000276039803154699
0.0718990953194743	181.98	190	-30.4	13.397	13.397	0	66.7338169970145	12	0.228776440392883	0.000276145718555446
0.0713441428668171	181.98	190	-30.4	13.397	13.397	0	66.4119804165123	12	0.228776440392883	0.000276910796079827
0.071605478963651	181.98	190	-30.4	13.397	13.397	0	67.1175160285635	12	0.228776440392883	0.000284165088035092
0.0722743704957193	181.98	190	-30.4	13.397	13.397	0	66.4367040036155	12	0.228776440392883	0.00027213809794921
0.0720749526233709	181.98	190	-30.4	13.397	13.397	0	67.4257659926411	12	0.228776440392883	0.000284077666605493
0.0716516588088818	181.98	190	-30.4	13.397	13.397	0	67.7384856346249	12	0.228776440392883	0.000293182118579956
0.0716468929832044	181.98	190	-30.4	13.397	13.397	0	66.7380719797982	12	0.228776440392883	0.000278167250783444
0.0716828490704593	181.98	190	-30.4	13.397	13.397	0	65.2471968728233	12	0.228776440392883	0.000259346450073333
0.0723200494788312	181.98	190	-30.4	13.397	13.397	0	67.3312226099028	12	0.228776440392883	0.000281933233710332
0.0722206232884925	181.98	190	-30.4	13.397	13.397	0	67.6243693776266	12	0.228776440392883	0.000285849579311731
0.0713894540282986	181.98	190	-30.4	13.397	13.397	0	66.3251756524913	12	0.228776440392883	0.000275055435879931
0.0710710565954362	181.98	190	-30.4	13.397	13.397	0	67.0377286874174	12	0.228776440392883	0.00029175551115557
