0.0713357231980252	181.98	190	-30.4	13.397	13.397	0	65.0189039731036	12	0.228776440392883	0.000257989897178044
0.07129613312158	181.98	190	-30.4	13.397	13.397	0	65.1335888248714	12	0.228776440392883	0.000259679143071509
0.0713425769821158	181.98	190	-30.4	13.397	13.397	0	65.1008330805841	12	0.228776440392883	0.000258955421994769
0.0716560598272761	181.98	190	-30.4	13.397	13.397	0	65.1195734200398	12	0.228776440392883	0.000258003570370064
0.0716914122569582	181.98	190	-30.4	13.397	13.397	0	65.1576791667102	12	0.228776440392883	0.000258376797157335
0.0716483733956175	181.98	190	-30.4	13.397	13.397	0	64.8681723187276	12	0.228776440392883	0.000255373622011763
0.0718322674636266	181.98	190	-30.4	13.397	13.397	0	65.1918874364861	12	0.228776440392883	0.000258780469773423
0.0714392377505597	181.98	190	-30.4	13.397	13.397	0	65.0766290068644	12	0.228776440392883	0.000258138956945918
0.0712940225519609	181.98	190	-30.4	13.397	13.397	0	64.9444075354756	12	0.228776440392883	0.00025733094739574
0.0719996222573276	181.98	190	-30.4	13.397	13.397	0	65.1183488822782	12	0.228776440392883	0.000258618128790406
0.0713899293862496	181.98	190	-30.4	13.397	13.397	0	65.0461454594011	12	0.228776440392883	0.000258017088304957
0.0720698739350543	181.98	190	-30.4	13.397	13.397	0	65.0966715993684	12	0.228776440392883	0.000258817832829678
0.0716716057307162	181.98	190	-30.4	13.397	13.397	0	65.0887577445378	12	0.228776440392883	0.000257661056663684
0.0717009380424157	181.98	190	-30.4	13.397	13.397	0	65.1315248066915	12	0.228776440392883	0.000258094991240844
0.0719211591747775	181.98	190	-30.4	13.397	13.397	0	65.034765400232	12	0.228776440392883	0.000257525847501287
0.0713885645874135	181.98	190	-30.4	13.397	13.397	0	65.1929400892937	12	0.228776440392883	0.000259809033968682
0.0715346722885678	181.98	190	-30.4	13.397	13.397	0	65.1627281755255	12	0.228776440392883	0.000258759697771097
0.0713679638338564	181.98	190	-30.4	13.397	13.397	0	65.0359077739155	12	0.228776440392883	0.000258011625384204
0.0714886713454414	181.98	190	-30.4	13.397	13.397	0	65.1299238162191	12	0.228776440392883	0.000258551744713251
0.0715133469864429	181.98	190	-30.4	13.397	13.397	0	65.0417869814732	12	0.228776440392883	0.000257451105247407
0.071313493013135	181.98	190	-30.4	13.397	13.397	0	64.9701546168903	12	0.228776440392883	0.000257526992194715
0.0715454510638203	181.98	190	-30.4	13.397	13.397	0	65.0311685422325	12	0.228776440392883	0.000257240876441244
0.0717568242717978	181.98	190	-30.4	13.397	13.397	0	65.1394612098482	12	0.228776440392883	0.000258178256633253
0.0714813158440547	181.98	190	-30.4	13.397	13.397	0	64.9842712570667	12	0.228776440392883	0.000256902086532215
0.0714804112662498	181.98	190	-30.4	13.397	13.397	0	65.1579628027124	12	0.228776440392883	0.000258914099763735
0.0717005764869381	181.98	190	-30.4	13.397	13.397	0	65.1657393881985	12	0.228776440392883	0.00025845591418539
0.0715732619223471	181.98	190	-30.4	13.397	13.397	0	65.1496275162785	12	0.228776440392883	0.000258492755037496
0.0712001092824356	181.98	190	-30.4	13.397	13.397	0	65.0666997560062	12	0.228776440392883	0.000259569954326132
0.071547469964444	181.98	190	-30.4	13.397	13.397	0	65.0505802613168	12	0.228776440392883	0.000257452087833507
0.0714368512393287	181.98	190	-30.4	13.397	13.397	0	64.9485551238445	12	0.228776440392883	0.000256654418834335
0.0713839154804644	181.98	190	-30.4	13.397	13.397	0	65.0860715422935	12	0.228776440392883	0.000258530702110241
0.0717439640695546	181.98	190	-30.4	13.397	13.397	0	65.2443287118349	12	0.228776440392883	0.000259264251606576
0.0714227971890745	181.98	190	-30.4	13.397	13.397	0	64.9679846772003	12	0.228776440392883	0.000256937132832729
0.0715181796912369	181.98	190	-30.4	13.397	13.397	0	65.0211554834466	12	0.228776440392883	0.000257203437827898
0.0713972287019309	181.98	190	-30.4	13.397	13.397	0	65.0124422572725	12	0.228776440392883	0.00025757763077972
0.0714425715307401	181.98	190	-30.4	13.397	13.397	0	65.1488341758142	12	0.228776440392883	0.000258979941371
0.0714017869896199	181.98	190	-30.4	13.397	13.397	0	65.1109109115266	12	0.228776440392883	0.000258733796449924
0.0717372925352057	181.98	190	-30.4	13.397	13.397	0	65.3810941738671	12	0.228776440392883	0.000260729077232627
0.0716721397814907	181.98	190	-30.4	13.397	13.397	0	65.1861479690236	12	0.228776440392883	0.000258700251392868
0.0713915829895635	181.98	190	-30.4	13.397	13.397	0	65.0509175832366	12	0.228776440392883	0.000258065730219456
0.0719464600794012	181.98	190	-30.4	13.397	13.397	0	65.0240902443649	12	0.228776440392883	0.00025753468029174
0.071679419813744	181.98	190	-30.4	13.397	13.397	0	65.0599478816849	12	0.228776440392883	0.000257353507001473
0.0713415239221065	181.98	190	-30.4	13.397	13.397	0	65.0079475336251	12	0.228776440392883	0.000257822071081318
0.0717190034924878	181.98	190	-30.4	13.397	13.397	0	65.1585291851729	12	0.228776440392883	0.000258371689353974
0.0712529230025206	181.98	190	-30.4	13.397	13.397	0	65.0875204547033	12	0.228776440392883	0.000259413848900673
0.0717334170410676	181.98	190	-30.4	13.397	13.397	0	65.1556522454998	12	0.228776440392883	0.000258339614932635
0.0713956789382619	181.98	190	-30.4	13.397	13.397	0	65.1354910769751	12	0.228776440392883	0.000259064965883975
0.0715028559806424	181.98	190	-30.4	13.397	13.397	0	65.1022642893658	12	0.228776440392883	0.000258177226634626
0.0716822884772505	181.98	190	-30.4	13.397	13.397	0	65.2093240265393	12	0.228776440392883	0.000258937761230983
0.0715075317496313	181.98	190	-30.4	13.397	13.397	0	65.0549015432438	12	0.228776440392883	0.000257618753726914
0.0716585481117282	181.98	190	-30.4	13.397	13.397	0	65.1552205620973	12	0.228776440392883	0.000258383909991273
0.0716803933622092	181.98	190	-30.4	13.397	13.397	0	65.1729710752351	12	0.228776440392883	0.000258549473773727
0.0716703325425028	181.98	190	-30.4	13.397	13.397	0	65.1268412346983	12	0.228776440392883	0.000258066466826851
0.0714718123121031	181.98	190	-30.4	13.397	13.397	0	64.9681893066523	12	0.228776440392883	0.000256751234191958
0.0714164839442838	181.98	190	-30.4	13.397	13.397	0	65.1616025679177	12	0.228776440392883	0.000259267370702785
0.0714158855767303	181.98	190	-30.4	13.397	13.397	0	65.1201734026963	12	0.228776440392883	0.000258771058567769
0.0716031938983208	181.98	190	-30.4	13.397	13.397	0	65.1363671495849	12	0.228776440392883	0.000258272738260517
0.0711917657240742	181.98	190	-30.4	13.397	13.397	0	65.1697606055758	12	0.228776440392883	0.000261001104029348
0.0719026591794449	181.98	190	-30.4	13.397	13.397	0	65.2486855866068	12	0.228776440392883	0.000259473762954542
0.071631541111776	181.98	190	-30.4	13.397	13.397	0	65.0381325006866	12	0.228776440392883	0.000257159542818198
0.071519297028629	181.98	190	-30.4	13.397	13.397	0	65.0521971084341	12	0.228776440392883	0.000257550473257125
0.0715611314350839	181.98	190	-30.4	13.397	13.397	0	65.1763066650777	12	0.228776440392883	0.000258828978239052
0.0715294896232745	181.98	190	-30.4	13.397	13.397	0	65.0498727461348	12	0.228776440392883	0.000257493695670121
0.0714742590790659	181.98	190	-30.4	13.397	13.397	0	65.123815325887	12	0.228776440392883	0.000258539813386423
0.0718404541636224	181.98	190	-30.4	13.397	13.397	0	65.2659377565342	12	0.228776440392883	0.000259530455811908
0.0715205794419577	181.98	190	-30.4	13.397	13.397	0	65.0506814492736	12	0.228776440392883	0.000257529385609475
0.0712532278930431	181.98	190	-30.4	13.397	13.397	0	65.0978892107472	12	0.228776440392883	0.000259544449307638
0.0714707864822207	181.98	190	-30.4	13.397	13.397	0	65.0329390048544	12	0.228776440392883	0.000257497406179706
0.0718562361828575	181.98	190	-30.4	13.397	13.397	0	65.1173218417901	12	0.228776440392883	0.000258097172502383
0.0715123370042497	181.98	190	-30.4	13.397	13.397	0	65.0141517164483	12	0.228776440392883	0.000257141882642407
0.0713081561451576	181.98	190	-30.4	13.397	13.397	0	65.0266950349665	12	0.228776440392883	0.000258256936050797
0.0715215279975321	181.98	190	-30.4	13.397	13.397	0	65.014238950287	12	0.228776440392883	0.000257115993500927
0.0717137062493552	181.98	190	-30.4	13.397	13.397	0	65.1618620254423	12	0.228776440392883	0.000258408378808322
0.0722333648908145	181.98	190	-30.4	13.397	13.397	0	65.2281516342787	12	0.228776440392883	0.000261074612657715
0.072064944371172	181.98	190	-30.4	13.397	13.397	0	65.0694852077153	12	0.228776440392883	0.00025855887881801
0.0716434768806448	181.98	190	-30.4	13.397	13.397	0	65.2547418439853	12	0.228776440392883	0.000259497207661782
0.0713909764090512	181.98	190	-30.4	13.397	13.397	0	64.9638546368983	12	0.228776440392883	0.000257031897450497
0.0716186271116036	181.98	190	-30.4	13.397	13.397	0	65.1214157032719	12	0.228776440392883	0.000258078275358781
0.0717126550476992	181.98	190	-30.4	13.397	13.397	0	65.1604449251603	12	0.228776440392883	0.000258393905786333
0.0715128025519883	181.98	190	-30.4	13.397	13.397	0	65.0205867982452	12	0.228776440392883	0.000257213070984129
0.0714611123992278	181.98	190	-30.4	13.397	13.397	0	64.97453342329	12	0.228776440392883	0.000256861619068783
0.0711616708246203	181.98	190	-30.4	13.397	13.397	0	64.8990967951875	12	0.228776440392883	0.000257714079235767
0.0716000744470939	181.98	190	-30.4	13.397	13.397	0	65.2325291654967	12	0.228776440392883	0.000259352844048017
0.071301260330427	181.98	190	-30.4	13.397	13.397	0	65.1708780168881	12	0.228776440392883	0.000260115572406874
0.0718135282137199	181.98	190	-30.4	13.397	13.397	0	65.2876831088714	12	0.228776440392883	0.000259725420596967
0.071778874011458	181.98	190	-30.4	13.397	13.397	0	65.152731268071	12	0.228776440392883	0.000258327159486759
0.0713266106536045	181.98	190	-30.4	13.397	13.397	0	65.0057838717702	12	0.228776440392883	0.000257883983609409
0.071427800155425	181.98	190	-30.4	13.397	13.397	0	65.0821678879688	12	0.228776440392883	0.000258257878050888
0.0712105278909716	181.98	190	-30.4	13.397	13.397	0	64.8658363581852	12	0.228776440392883	0.00025691520566908
0.0714018421687942	181.98	190	-30.4	13.397	13.397	0	65.0537131073037	12	0.228776440392883	0.000258046555795758
0.0714065401984957	181.98	190	-30.4	13.397	13.397	0	65.1544154340776	12	0.228776440392883	0.000259234486153647
0.0715934670936238	181.98	190	-30.4	13.397	13.397	0	65.32427572614	12	0.228776440392883	0.000260416518721815
0.0716618619750957	181.98	190	-30.4	13.397	13.397	0	65.0522773402725	12	0.228776440392883	0.000257282512566925
0.0720727610806419	181.98	190	-30.4	13.397	13.397	0	65.1061058349778	12	0.228776440392883	0.000258915091870148
0.0718229353774251	181.98	190	-30.4	13.397	13.397	0	65.0706146518385	12	0.228776440392883	0.000257573667274601
0.0715896781254594	181.98	190	-30.4	13.397	13.397	0	65.05956906709	12	0.228776440392883	0.000257455503203791
0.0712898751237048	181.98	190	-30.4	13.397	13.397	0	65.1428743233757	12	0.228776440392883	0.000259842765717996
0.0717419076196625	181.98	190	-30.4	13.397	13.397	0	65.117002497471	12	0.228776440392883	0.000257942259162463
0.0714278826119348	181.98	190	-30.4	13.397	13.397	0	64.9749053514261	12	0.228776440392883	0.000256996285423929
0.0713733002654271	181.98	190	-30.4	13.397	13.397	0	65.0827218411564	12	0.228776440392883	0.000258549512476003
0.0715421075663169	181.98	190	-30.4	13.397	13.397	0	65.0385320461362	12	0.228776440392883	0.000257331614503478
0.0718529100322736	181.98	190	-30.4	13.397	13.397	0	65.0336599261323	12	0.228776440392883	0.000257289784342828
0.071939490697726	181.98	190	-30.4	13.397	13.397	0	65.1705071708694	12	0.228776440392883	0.000258841516863176
0.0716032568402575	181.98	190	-30.4	13.397	13.397	0	65.1295497685303	12	0.228776440392883	0.000258197363679989
0.0718478447984292	181.98	190	-30.4	13.397	13.397	0	65.2156625312998	12	0.228776440392883	0.000259040294773809
0.0713648014331822	181.98	190	-30.4	13.397	13.397	0	65.0795955252216	12	0.228776440392883	0.000258560233486843
0.0714846219461006	181.98	190	-30.4	13.397	13.397	0	65.1137454238731	12	0.228776440392883	0.000258379666144232
0.0719792921577287	181.98	190	-30.4	13.397	13.397	0	64.903690076883	12	0.228776440392883	0.000256650274711844
0.0713589139062596	181.98	190	-30.4	13.397	13.397	0	64.8954390376847	12	0.228776440392883	0.000256377415387563
0.0715987144563089	181.98	190	-30.4	13.397	13.397	0	64.9139059909255	12	0.228776440392883	0.000255872538340789
0.0713786521186393	181.98	190	-30.4	13.397	13.397	0	65.0884692776173	12	0.228776440392883	0.000258589121713713
0.0713275545863238	181.98	190	-30.4	13.397	13.397	0	65.1317898714866	12	0.228776440392883	0.000259437898077609
0.0718240341648906	181.98	190	-30.4	13.397	13.397	0	65.0865231203194	12	0.228776440392883	0.000257730561002004
0.0719521041004715	181.98	190	-30.4	13.397	13.397	0	65.3101495953021	12	0.228776440392883	0.000260195200192752
0.0717210633302637	181.98	190	-30.4	13.397	13.397	0	64.9262388497583	12	0.228776440392883	0.00025600014606517
0.0718452680160572	181.98	190	-30.4	13.397	13.397	0	65.1638308201368	12	0.228776440392883	0.00025852583426742
0.0721470136014792	181.98	190	-30.4	13.397	13.397	0	65.2576587007695	12	0.228776440392883	0.000260662059410026
0.0719216428559671	181.98	190	-30.4	13.397	13.397	0	65.18641207237	12	0.228776440392883	0.000258931779421822
0.0714645476659502	181.98	190	-30.4	13.397	13.397	0	65.1480383387507	12	0.228776440392883	0.000258867162250283
0.0716129576635788	181.98	190	-30.4	13.397	13.397	0	65.2142345157167	12	0.228776440392883	0.000259115049414575
0.0714505461873314	181.98	190	-30.4	13.397	13.397	0	65.0868618807053	12	0.228776440392883	0.000258208717534596
0.0720174591578047	181.98	190	-30.4	13.397	13.397	0	65.1040618147161	12	0.228776440392883	0.0002585822084126
0.0717462315169028	181.98	190	-30.4	13.397	13.397	0	65.2485644985475	12	0.228776440392883	0.000259308078488714
0.0714596971230014	181.98	190	-30.4	13.397	13.397	0	65.0910890992718	12	0.228776440392883	0.000258218461740171
0.0715538303105371	181.98	190	-30.4	13.397	13.397	0	65.1777785945226	12	0.228776440392883	0.000258868481285142
0.0716277864610444	181.98	190	-30.4	13.397	13.397	0	64.9319298716836	12	0.228776440392883	0.000256039082355529
0.0715689918660104	181.98	190	-30.4	13.397	13.397	0	65.12606118144	12	0.228776440392883	0.000258239774080331
0.071674805681346	181.98	190	-30.4	13.397	13.397	0	65.2789961444169	12	0.228776440392883	0.000259705463693833
0.0718305966124114	181.98	190	-30.4	13.397	13.397	0	64.9539980543765	12	0.228776440392883	0.000256476200421749
0.071745716119494	181.98	190	-30.4	13.397	13.397	0	65.2978875826561	12	0.228776440392883	0.000259829258190288
0.0713765372790121	181.98	190	-30.4	13.397	13.397	0	65.0406967637486	12	0.228776440392883	0.000258022630567582
0.0717221620528603	181.98	190	-30.4	13.397	13.397	0	65.1421891793887	12	0.228776440392883	0.000258200462234105
0.0716769452676096	181.98	190	-30.4	13.397	13.397	0	65.1353923527751	12	0.228776440392883	0.000258151590002483
0.0714358768529751	181.98	190	-30.4	13.397	13.397	0	65.0532478694325	12	0.228776440392883	0.000257878658717622
0.071412856676411	181.98	190	-30.4	13.397	13.397	0	65.0210313185641	12	0.228776440392883	0.000257604381504977
0.0713860306105527	181.98	190	-30.4	13.397	13.397	0	65.0481555405914	12	0.228776440392883	0.000258061694159524
0.0714778828067197	181.98	190	-30.4	13.397	13.397	0	65.1805558648734	12	0.228776440392883	0.000259191320354056
0.0713820512439912	181.98	190	-30.4	13.397	13.397	0	65.0601830209093	12	0.228776440392883	0.000258227872600721
0.0714356251606756	181.98	190	-30.4	13.397	13.397	0	65.0913228462449	12	0.228776440392883	0.000258329399078917
0.0716827386490634	181.98	190	-30.4	13.397	13.397	0	65.1398965581881	12	0.228776440392883	0.000258194661425696
0.0714108991171123	181.98	190	-30.4	13.397	13.397	0	65.03859165214	12	0.228776440392883	0.000257821725867748
0.0713264338160494	181.98	190	-30.4	13.397	13.397	0	64.9985694552952	12	0.228776440392883	0.000257796718461706
0.0715495618784569	181.98	190	-30.4	13.397	13.397	0	65.2713740549907	12	0.228776440392883	0.000259960252006853
0.0715027843695134	181.98	190	-30.4	13.397	13.397	0	65.0450631833202	12	0.228776440392883	0.000257522432505757
0.0713355423288729	181.98	190	-30.4	13.397	13.397	0	65.0383643170863	12	0.228776440392883	0.000258229382565873
0.0716934434968683	181.98	190	-30.4	13.397	13.397	0	65.1508077607894	12	0.228776440392883	0.000258302522550734
0.0716450638223769	181.98	190	-30.4	13.397	13.397	0	65.2646793074314	12	0.228776440392883	0.000259604016377418
0.0717186309482256	181.98	190	-30.4	13.397	13.397	0	64.9736301251967	12	0.228776440392883	0.000256472727519772
0.0713877343603762	181.98	190	-30.4	13.397	13.397	0	65.0282225545285	12	0.228776440392883	0.000257813658669448
0.0717697330877365	181.98	190	-30.4	13.397	13.397	0	65.2908664778371	12	0.228776440392883	0.000259746870838376
0.0716241882917805	181.98	190	-30.4	13.397	13.397	0	65.1277768158294	12	0.228776440392883	0.000258137982914008
0.0714314942932786	181.98	190	-30.4	13.397	13.397	0	65.023117035025	12	0.228776440392883	0.000257544174064512
0.0716623188241605	181.98	190	-30.4	13.397	13.397	0	65.1152275046178	12	0.228776440392883	0.000257950333729833
0.071317404072982	181.98	190	-30.4	13.397	13.397	0	65.045439652809	12	0.228776440392883	0.000258429685437385
0.0716585916930377	181.98	190	-30.4	13.397	13.397	0	65.1256415723422	12	0.228776440392883	0.00025806576605191
0.0712394815572686	181.98	190	-30.4	13.397	13.397	0	64.9998402655215	12	0.228776440392883	0.0002583969274533
0.0718319120809859	181.98	190	-30.4	13.397	13.397	0	65.172057076165	12	0.228776440392883	0.000258583586029828
0.0717970138589754	181.98	190	-30.4	13.397	13.397	0	65.1542078582084	12	0.228776440392883	0.000258359031063764
0.0715681287621739	181.98	190	-30.4	13.397	13.397	0	65.0668032521812	12	0.228776440392883	0.000257581420979317
0.0715408513742223	181.98	190	-30.4	13.397	13.397	0	65.0306928282762	12	0.228776440392883	0.000257247408938883
0.0713975765023949	181.98	190	-30.4	13.397	13.397	0	65.1907680050364	12	0.228776440392883	0.000259728856002047
0.0718213981755028	181.98	190	-30.4	13.397	13.397	0	65.3656772115474	12	0.228776440392883	0.000260531764713346
0.0719329747650739	181.98	190	-30.4	13.397	13.397	0	65.3553817083604	12	0.228776440392883	0.000260579703555183
0.0714908535581632	181.98	190	-30.4	13.397	13.397	0	64.9930346152497	12	0.228776440392883	0.000256970150184498
0.0718600967006939	181.98	190	-30.4	13.397	13.397	0	65.2988204460654	12	0.228776440392883	0.000259885577653052
0.0715657827493634	181.98	190	-30.4	13.397	13.397	0	65.202004939828	12	0.228776440392883	0.000259106809891085
0.071424876498074	181.98	190	-30.4	13.397	13.397	0	65.0569550053694	12	0.228776440392883	0.00025797288025113
0.0713889115974472	181.98	190	-30.4	13.397	13.397	0	64.9671018197363	12	0.228776440392883	0.000257080176780783
0.0718084049462993	181.98	190	-30.4	13.397	13.397	0	65.1345832512953	12	0.228776440392883	0.000258177298702891
0.0713701764485592	181.98	190	-30.4	13.397	13.397	0	64.9056107880084	12	0.228776440392883	0.000256443057198503
0.0714699299882511	181.98	190	-30.4	13.397	13.397	0	65.0639552172369	12	0.228776440392883	0.000257859672768786
0.0712832984744739	181.98	190	-30.4	13.397	13.397	0	65.0683473275238	12	0.228776440392883	0.000258945922728284
0.0716286844913185	181.98	190	-30.4	13.397	13.397	0	65.1418965874641	12	0.228776440392883	0.00025828435062651
0.0716214316589683	181.98	190	-30.4	13.397	13.397	0	65.2027373773404	12	0.228776440392883	0.000258967880528865
0.0714057378021992	181.98	190	-30.4	13.397	13.397	0	65.3091658095908	12	0.228776440392883	0.000261142555223912
0.0713479195447634	181.98	190	-30.4	13.397	13.397	0	65.0147324193731	12	0.228776440392883	0.000257867700056119
0.0713438548700042	181.98	190	-30.4	13.397	13.397	0	65.0248364136559	12	0.228776440392883	0.000258014305439058
0.0715820931806199	181.98	190	-30.4	13.397	13.397	0	65.1337164495741	12	0.228776440392883	0.000258291821818268
0.0717741995096718	181.98	190	-30.4	13.397	13.397	0	65.0302966282333	12	0.228776440392883	0.000257096510548059
0.0715083458743787	181.98	190	-30.4	13.397	13.397	0	65.2644087075375	12	0.228776440392883	0.000260046898307213
0.0716080290441462	181.98	190	-30.4	13.397	13.397	0	64.8994991678385	12	0.228776440392883	0.000255712217724767
0.07142784137586	181.98	190	-30.4	13.397	13.397	0	65.1539568935377	12	0.228776440392883	0.000259115279002457
0.0715178088597339	181.98	190	-30.4	13.397	13.397	0	65.0310035358071	12	0.228776440392883	0.000257315524747258
0.0718570010262856	181.98	190	-30.4	13.397	13.397	0	64.9383490275873	12	0.228776440392883	0.000256410330213692
0.0714173956313331	181.98	190	-30.4	13.397	13.397	0	65.1010109185672	12	0.228776440392883	0.000258533574894754
0.0716146011461768	181.98	190	-30.4	13.397	13.397	0	65.056661910302	12	0.228776440392883	0.000257380910581352
0.0713671488603371	181.98	190	-30.4	13.397	13.397	0	64.898670559787	12	0.228776440392883	0.000256375615772552
0.0715535769897285	181.98	190	-30.4	13.397	13.397	0	65.0424052870945	12	0.228776440392883	0.000257345569508913
0.0716131782043883	181.98	190	-30.4	13.397	13.397	0	65.0970221975509	12	0.228776440392883	0.000257821562325516
0.0713742092833588	181.98	190	-30.4	13.397	13.397	0	65.099675691277	12	0.228776440392883	0.000258750783465873
0.071463780183131	181.98	190	-30.4	13.397	13.397	0	65.0914122061444	12	0.228776440392883	0.00025820485093774
0.07191227110032	181.98	190	-30.4	13.397	13.397	0	65.3004150085498	12	0.228776440392883	0.000259997448560092
0.0713093163089451	181.98	190	-30.4	13.397	13.397	0	65.100051273901	12	0.228776440392883	0.00025916368964989
0.0716065144879927	181.98	190	-30.4	13.397	13.397	0	65.079381095872	12	0.228776440392883	0.000257640855167165
0.0714394019770131	181.98	190	-30.4	13.397	13.397	0	65.1125325393779	12	0.228776440392883	0.00025856313217152
0.0713617875953126	181.98	190	-30.4	13.397	13.397	0	65.1108265819599	12	0.228776440392883	0.000258960395732464
0.0713100619270793	181.98	190	-30.4	13.397	13.397	0	65.0983697853698	12	0.228776440392883	0.000259137530146684
0.0717076474453984	181.98	190	-30.4	13.397	13.397	0	65.2301998177233	12	0.228776440392883	0.000259135831775917
0.0719212467055742	181.98	190	-30.4	13.397	13.397	0	65.2850268102268	12	0.228776440392883	0.0002598702302911
0.0716394802541788	181.98	190	-30.4	13.397	13.397	0	65.1530768373951	12	0.228776440392883	0.000258388263098459
0.0714573967751151	181.98	190	-30.4	13.397	13.397	0	65.0643689486045	12	0.228776440392883	0.000257915661420159
0.0717359123904364	181.98	190	-30.4	13.397	13.397	0	65.2460367562462	12	0.228776440392883	0.000259285361369956
0.0716273053989755	181.98	190	-30.4	13.397	13.397	0	65.0342934656184	12	0.228776440392883	0.00025712333916092
0.0714610042992499	181.98	190	-30.4	13.397	13.397	0	65.034451583746	12	0.228776440392883	0.000257552879145483
0.0714680474907282	181.98	190	-30.4	13.397	13.397	0	65.1083749783298	12	0.228776440392883	0.000258385312366184
0.0716864955600934	181.98	190	-30.4	13.397	13.397	0	65.1024569701522	12	0.228776440392883	0.00025779635195382
0.0712512009498409	181.98	190	-30.4	13.397	13.397	0	65.043495074763	12	0.228776440392883	0.000258864651950193
0.0718657517297957	181.98	190	-30.4	13.397	13.397	0	65.1019957527456	12	0.228776440392883	0.000257973445384381
0.0717224600913346	181.98	190	-30.4	13.397	13.397	0	65.140155923535	12	0.228776440392883	0.000258179257519149
0.0713368428617338	181.98	190	-30.4	13.397	13.397	0	65.0730217115024	12	0.228776440392883	0.000258647812048078
0.0720364260896767	181.98	190	-30.4	13.397	13.397	0	65.1045395657756	12	0.228776440392883	0.000258688479111149
0.0717638987841355	181.98	190	-30.4	13.397	13.397	0	65.1899882774388	12	0.228776440392883	0.000258699198717787
0.0713337501927095	181.98	190	-30.4	13.397	13.397	0	65.1022244812367	12	0.228776440392883	0.000259028795501248
0.0714235903464993	181.98	190	-30.4	13.397	13.397	0	65.0965673942389	12	0.228776440392883	0.000258449610329177
0.0714702072079298	181.98	190	-30.4	13.397	13.397	0	65.0098958118514	12	0.228776440392883	0.000257234231786434
0.0717383810937732	181.98	190	-30.4	13.397	13.397	0	65.1768853030023	12	0.228776440392883	0.000258560088313355
0.0715401051545367	181.98	190	-30.4	13.397	13.397	0	65.0832470864659	12	0.228776440392883	0.000257838816896562
0.0714092464472493	181.98	190	-30.4	13.397	13.397	0	65.2154992865038	12	0.228776440392883	0.00025996393789412
0.0716489176653936	181.98	190	-30.4	13.397	13.397	0	65.1331341472326	12	0.228776440392883	0.000258158279852968
0.0714892702221564	181.98	190	-30.4	13.397	13.397	0	65.0871073311391	12	0.228776440392883	0.000258052775905447
0.0713510615665963	181.98	190	-30.4	13.397	13.397	0	65.0631315791013	12	0.228776440392883	0.000258439732796197
0.0715040411434408	181.98	190	-30.4	13.397	13.397	0	64.9869630881279	12	0.228776440392883	0.000256860367020239
0.0716664264573419	181.98	190	-30.4	13.397	13.397	0	65.0605834098974	12	0.228776440392883	0.000257367091200189
0.07176702571923	181.98	190	-30.4	13.397	13.397	0	65.1874765802255	12	0.228776440392883	0.000258674502758879
0.0715514078568014	181.98	190	-30.4	13.397	13.397	0	65.1586721041923	12	0.228776440392883	0.000258658621513853
0.0718606318217967	181.98	190	-30.4	13.397	13.397	0	65.1255118400339	12	0.228776440392883	0.000258186276209709
0.071744025237465	181.98	190	-30.4	13.397	13.397	0	65.1429861037173	12	0.228776440392883	0.000258209848276928
0.0713981266151412	181.98	190	-30.4	13.397	13.397	0	65.1198867512572	12	0.228776440392883	0.000258862128052821
0.0712464524232201	181.98	190	-30.4	13.397	13.397	0	64.9947281466496	12	0.228776440392883	0.000258280790706576
0.071777854066532	181.98	190	-30.4	13.397	13.397	0	65.0492464735556	12	0.228776440392883	0.000257289098521283
0.0717034123374425	181.98	190	-30.4	13.397	13.397	0	65.3086415147208	12	0.228776440392883	0.000259985553773561
0.0717494036523836	181.98	190	-30.4	13.397	13.397	0	65.3222855416756	12	0.228776440392883	0.000260086402392375
0.0717568330199257	181.98	190	-30.4	13.397	13.397	0	65.3665630276869	12	0.228776440392883	0.000260553825155759
0.0717837217010512	181.98	190	-30.4	13.397	13.397	0	65.2025294372233	12	0.228776440392883	0.000258836846561141
0.0718612410780135	181.98	190	-30.4	13.397	13.397	0	64.9744646235301	12	0.228776440392883	0.000256758892852499
0.0715944077828034	181.98	190	-30.4	13.397	13.397	0	65.0791759712306	12	0.228776440392883	0.000257661201477906
0.0714539306366499	181.98	190	-30.4	13.397	13.397	0	65.1294835344434	12	0.228776440392883	0.000258696181225226
0.0716614054413604	181.98	190	-30.4	13.397	13.397	0	65.289924263173	12	0.228776440392883	0.000259850198748274
0.0715564825235488	181.98	190	-30.4	13.397	13.397	0	64.970459844158	12	0.228776440392883	0.000256545572665708
0.0718482191901142	181.98	190	-30.4	13.397	13.397	0	65.1337536906464	12	0.228776440392883	0.000258238422968607
0.0715129473284237	181.98	190	-30.4	13.397	13.397	0	65.06813247255	12	0.228776440392883	0.000257751586073292
0.0720570949264013	181.98	190	-30.4	13.397	13.397	0	65.1107490383107	12	0.228776440392883	0.000258859836650109
0.0715137955453257	181.98	190	-30.4	13.397	13.397	0	65.0216535100444	12	0.228776440392883	0.000257222107764027
0.0717358476479783	181.98	190	-30.4	13.397	13.397	0	65.2740219361097	12	0.228776440392883	0.00025958172690244
0.0714362322653887	181.98	190	-30.4	13.397	13.397	0	64.95712463118	12	0.228776440392883	0.00025675585533705
0.0714888080625862	181.98	190	-30.4	13.397	13.397	0	65.0099412410493	12	0.228776440392883	0.000257169134904559
0.0718499129334798	181.98	190	-30.4	13.397	13.397	0	65.1744572501745	12	0.228776440392883	0.000258638603506572
0.0715146511903385	181.98	190	-30.4	13.397	13.397	0	65.0428349527818	12	0.228776440392883	0.000257458899886118
0.0716458672169059	181.98	190	-30.4	13.397	13.397	0	65.1648493494451	12	0.228776440392883	0.000258506243889892
0.071503427919505	181.98	190	-30.4	13.397	13.397	0	65.0298689674005	12	0.228776440392883	0.000257347505347233
0.0716441954309587	181.98	190	-30.4	13.397	13.397	0	65.1120418598283	12	0.228776440392883	0.000257937104530195
0.0712701785418459	181.98	190	-30.4	13.397	13.397	0	65.1120306130798	12	0.228776440392883	0.000259596176722223
0.0713781906417023	181.98	190	-30.4	13.397	13.397	0	65.013380306994	12	0.228776440392883	0.000257685365527747
0.0715513341511771	181.98	190	-30.4	13.397	13.397	0	65.1383919910794	12	0.228776440392883	0.000258428697789859
0.0714315216962934	181.98	190	-30.4	13.397	13.397	0	65.2303362364349	12	0.228776440392883	0.000260019174278881
0.0716092316661817	181.98	190	-30.4	13.397	13.397	0	64.9191476818573	12	0.228776440392883	0.000255918211454833
0.0714909620930681	181.98	190	-30.4	13.397	13.397	0	65.0634039137742	12	0.228776440392883	0.000257773378553633
0.0716952298795671	181.98	190	-30.4	13.397	13.397	0	65.212813359498	12	0.228776440392883	0.000258961296453975
0.0714797122419534	181.98	190	-30.4	13.397	13.397	0	65.0506367318605	12	0.228776440392883	0.000257667855014265
0.0714391461217902	181.98	190	-30.4	13.397	13.397	0	64.9792623823156	12	0.228776440392883	0.000257000519653202
0.0714337008959152	181.98	190	-30.4	13.397	13.397	0	65.11345163834	12	0.228776440392883	0.000258601397783002
0.0714865992098784	181.98	190	-30.4	13.397	13.397	0	65.1621464096589	12	0.228776440392883	0.000258936807738551
0.0714743214557396	181.98	190	-30.4	13.397	13.397	0	65.1861337847864	12	0.228776440392883	0.000259273352429023
0.0715430206847529	181.98	190	-30.4	13.397	13.397	0	65.0527511640739	12	0.228776440392883	0.00025748813943344
0.0719220474512679	181.98	190	-30.4	13.397	13.397	0	65.1483726723154	12	0.228776440392883	0.000258576284154611
0.071184048841492	181.98	190	-30.4	13.397	13.397	0	65.1410690911395	12	0.228776440392883	0.000260689775586108
0.0715216839134254	181.98	190	-30.4	13.397	13.397	0	65.0133754919014	12	0.228776440392883	0.000257105858352881
0.0716341833742134	181.98	190	-30.4	13.397	13.397	0	65.1059283716266	12	0.228776440392883	0.000257884838491164
0.0717482448327882	181.98	190	-30.4	13.397	13.397	0	65.1325065295178	12	0.228776440392883	0.000258103454854651
0.0713436546047606	181.98	190	-30.4	13.397	13.397	0	65.1240572007878	12	0.228776440392883	0.000259236240991477
0.0713277046770319	181.98	190	-30.4	13.397	13.397	0	65.0542131820595	12	0.228776440392883	0.000258472846066604
0.0716142148610339	181.98	190	-30.4	13.397	13.397	0	64.9966009450628	12	0.228776440392883	0.000256735686083192
0.0715728897496787	181.98	190	-30.4	13.397	13.397	0	64.8478338257703	12	0.228776440392883	0.000255199339499431
0.0717770118982664	181.98	190	-30.4	13.397	13.397	0	65.2014950563482	12	0.228776440392883	0.000258822633839935
0.0715011209005028	181.98	190	-30.4	13.397	13.397	0	65.1050634263158	12	0.228776440392883	0.000258215811032453
0.0717427808772016	181.98	190	-30.4	13.397	13.397	0	65.131071454226	12	0.228776440392883	0.000258086955772426
0.0716821637797759	181.98	190	-30.4	13.397	13.397	0	65.235352624524	12	0.228776440392883	0.000259219007879216
0.0719489284033863	181.98	190	-30.4	13.397	13.397	0	65.0394403181063	12	0.228776440392883	0.000257682829368923
0.0719778283615207	181.98	190	-30.4	13.397	13.397	0	65.1323897098562	12	0.228776440392883	0.000258643302085193
0.0719830730897195	181.98	190	-30.4	13.397	13.397	0	65.0143443813487	12	0.228776440392883	0.000257622753530079
0.0721411958274925	181.98	190	-30.4	13.397	13.397	0	65.0442677667813	12	0.228776440392883	0.000258887426135873
0.0717917287804459	181.98	190	-30.4	13.397	13.397	0	65.1331814195018	12	0.228776440392883	0.000258142433886068
0.0715423938441802	181.98	190	-30.4	13.397	13.397	0	65.1547142044664	12	0.228776440392883	0.000258642258546665
0.0718924399288187	181.98	190	-30.4	13.397	13.397	0	65.1800298254228	12	0.228776440392883	0.000258788190613455
0.07145317052709	181.98	190	-30.4	13.397	13.397	0	65.0086784691871	12	0.228776440392883	0.000257285299827751
0.0716021069431299	181.98	190	-30.4	13.397	13.397	0	65.0229100896299	12	0.228776440392883	0.000257034963987426
0.0716748449674163	181.98	190	-30.4	13.397	13.397	0	65.2780518845897	12	0.228776440392883	0.000259695050769549
0.0715307980021529	181.98	190	-30.4	13.397	13.397	0	65.1698671277475	12	0.228776440392883	0.000258855158929836
0.0711843924192062	181.98	190	-30.4	13.397	13.397	0	65.0243141473045	12	0.228776440392883	0.000259149687699262
0.0711039194757926	181.98	190	-30.4	13.397	13.397	0	64.9931015291313	12	0.228776440392883	0.000259463092665083
0.0717225040922804	181.98	190	-30.4	13.397	13.397	0	65.1279243314248	12	0.228776440392883	0.00025805211254892
0.0715575836113384	181.98	190	-30.4	13.397	13.397	0	65.2688196274457	12	0.228776440392883	0.000259901104792501
0.071362615940269	181.98	190	-30.4	13.397	13.397	0	64.9922048086906	12	0.228776440392883	0.000257513614329722
0.0711597846236395	181.98	190	-30.4	13.397	13.397	0	65.0005726167881	12	0.228776440392883	0.000259050524417301
0.0719753718345282	181.98	190	-30.4	13.397	13.397	0	65.0574819685787	12	0.228776440392883	0.000257963704691224
0.0714591254702174	181.98	190	-30.4	13.397	13.397	0	64.922393147833	12	0.228776440392883	0.000256273343642067
0.0714872048382469	181.98	190	-30.4	13.397	13.397	0	65.2738334232202	12	0.228776440392883	0.000260256412306815
0.0716261670087914	181.98	190	-30.4	13.397	13.397	0	65.1927225963348	12	0.228776440392883	0.000258847103631593
0.0713195977821411	181.98	190	-30.4	13.397	13.397	0	65.0795662417068	12	0.228776440392883	0.000258839070569077
0.0717865534796142	181.98	190	-30.4	13.397	13.397	0	65.0085724612472	12	0.228776440392883	0.000256901810107043
0.0715175492109552	181.98	190	-30.4	13.397	13.397	0	64.9463206111475	12	0.228776440392883	0.000256368435248954
0.0712160455516259	181.98	190	-30.4	13.397	13.397	0	65.2724881567587	12	0.228776440392883	0.000262149397885297
0.0714653714441734	181.98	190	-30.4	13.397	13.397	0	65.0696051716318	12	0.228776440392883	0.000257943730087161
0.0713944347819581	181.98	190	-30.4	13.397	13.397	0	65.0288451146649	12	0.228776440392883	0.00025778694129085
0.0712985401755575	181.98	190	-30.4	13.397	13.397	0	65.0802187643507	12	0.228776440392883	0.000258988775606132
0.0715617170831404	181.98	190	-30.4	13.397	13.397	0	64.8315438135228	12	0.228776440392883	0.000255039186860694
0.071623072110558	181.98	190	-30.4	13.397	13.397	0	65.2478711820985	12	0.228776440392883	0.000259466426599655
0.0719509674666528	181.98	190	-30.4	13.397	13.397	0	65.3333006424591	12	0.228776440392883	0.000260412960013476
0.0717035973904227	181.98	190	-30.4	13.397	13.397	0	65.3717491666786	12	0.228776440392883	0.000260675221477351
0.0715349333266109	181.98	190	-30.4	13.397	13.397	0	65.0232687525179	12	0.228776440392883	0.000257180145306574
0.0716460616853936	181.98	190	-30.4	13.397	13.397	0	65.0684332038743	12	0.228776440392883	0.000257467427709279
0.0718584962526563	181.98	190	-30.4	13.397	13.397	0	65.1422577701394	12	0.228776440392883	0.000258342967513169
0.0720182520294857	181.98	190	-30.4	13.397	13.397	0	65.0797953234642	12	0.228776440392883	0.000258375533301485
0.0716667311520522	181.98	190	-30.4	13.397	13.397	0	65.1049933950972	12	0.228776440392883	0.000257837095415134
0.0716475463484973	181.98	190	-30.4	13.397	13.397	0	65.1288989104394	12	0.228776440392883	0.000258114412561917
0.0713988314566499	181.98	190	-30.4	13.397	13.397	0	65.0284882808198	12	0.228776440392883	0.000257760671659049
0.0714180666544108	181.98	190	-30.4	13.397	13.397	0	64.9944929625742	12	0.228776440392883	0.000257267858942275
0.071975218031546	181.98	190	-30.4	13.397	13.397	0	65.0979083425258	12	0.228776440392883	0.000258322523240264
0.0718594391771004	181.98	190	-30.4	13.397	13.397	0	64.9580198658736	12	0.228776440392883	0.000256600418190827
0.0716725016524566	181.98	190	-30.4	13.397	13.397	0	65.0385076836138	12	0.228776440392883	0.000257132008912942
0.0714600516614685	181.98	190	-30.4	13.397	13.397	0	65.2881079033419	12	0.228776440392883	0.000260566132409237
0.0713844537605145	181.98	190	-30.4	13.397	13.397	0	64.9818155494009	12	0.228776440392883	0.000257276514872581
0.0718472453128615	181.98	190	-30.4	13.397	13.397	0	65.2997019090708	12	0.228776440392883	0.000259877970625524
0.0713757852656455	181.98	190	-30.4	13.397	13.397	0	65.0641481903065	12	0.228776440392883	0.000258310141290843
0.0718389918195079	181.98	190	-30.4	13.397	13.397	0	65.3827407280564	12	0.228776440392883	0.000260716051838884
0.0718994801366811	181.98	190	-30.4	13.397	13.397	0	65.3845513053069	12	0.228776440392883	0.000260800388143911
0.0714385786114289	181.98	190	-30.4	13.397	13.397	0	65.2055286855666	12	0.228776440392883	0.000259680627754156
0.0715143310931054	181.98	190	-30.4	13.397	13.397	0	65.1318276385016	12	0.228776440392883	0.000258476067820864
0.0713416252487823	181.98	190	-30.4	13.397	13.397	0	65.0756073696247	12	0.228776440392883	0.000258650046674711
0.0715133653280641	181.98	190	-30.4	13.397	13.397	0	65.1225463734727	12	0.228776440392883	0.000258372745833593
0.0720056660049887	181.98	190	-30.4	13.397	13.397	0	65.0175256641204	12	0.228776440392883	0.000257769922936216
0.071510387325026	181.98	190	-30.4	13.397	13.397	0	65.028979824652	12	0.228776440392883	0.000257315339330023
0.0712719061617428	181.98	190	-30.4	13.397	13.397	0	64.9898536309329	12	0.228776440392883	0.000258039436991586
0.0718903304671437	181.98	190	-30.4	13.397	13.397	0	65.1595768713132	12	0.228776440392883	0.000258587268093139
0.071197700801256	181.98	190	-30.4	13.397	13.397	0	65.010146811212	12	0.228776440392883	0.000258854992414069
0.0718106901876724	181.98	190	-30.4	13.397	13.397	0	65.0724373610374	12	0.228776440392883	0.000257568389874569
0.0717204458055681	181.98	190	-30.4	13.397	13.397	0	65.2067753558236	12	0.228776440392883	0.000258878310188881
0.0715914777263879	181.98	190	-30.4	13.397	13.397	0	65.1919506005345	12	0.228776440392883	0.000258919458130782
0.0714797416141602	181.98	190	-30.4	13.397	13.397	0	65.0327025618196	12	0.228776440392883	0.000257461358402181
0.0713688814815929	181.98	190	-30.4	13.397	13.397	0	65.0567105208361	12	0.228776440392883	0.000258258496040066
0.0713777969622215	181.98	190	-30.4	13.397	13.397	0	65.0773372716516	12	0.228776440392883	0.0002584588002736
0.0714725793192081	181.98	190	-30.4	13.397	13.397	0	65.0502283786341	12	0.228776440392883	0.000257690253016756
0.0717522036662416	181.98	190	-30.4	13.397	13.397	0	65.1727979054233	12	0.228776440392883	0.000258518945672322
0.0716228175121105	181.98	190	-30.4	13.397	13.397	0	65.1301334597894	12	0.228776440392883	0.000258166105076045
0.0715296509532782	181.98	190	-30.4	13.397	13.397	0	65.1714620957523	12	0.228776440392883	0.000258877576043798
0.0718845687205949	181.98	190	-30.4	13.397	13.397	0	65.1124903697077	12	0.228776440392883	0.000258124034649725
0.0714391962346245	181.98	190	-30.4	13.397	13.397	0	65.1487512147759	12	0.228776440392883	0.000258995538847512
0.0714186915325423	181.98	190	-30.4	13.397	13.397	0	65.2722829200716	12	0.228776440392883	0.000260605982611511
0.0715098395995315	181.98	190	-30.4	13.397	13.397	0	64.9193395556694	12	0.228776440392883	0.000256088643762108
0.0714500743904542	181.98	190	-30.4	13.397	13.397	0	65.0012959581648	12	0.228776440392883	0.000257212080945292
0.0715872452542625	181.98	190	-30.4	13.397	13.397	0	64.9246560098294	12	0.228776440392883	0.000255999856702952
0.071653850965512	181.98	190	-30.4	13.397	13.397	0	65.2748710282161	12	0.228776440392883	0.000259698777707423
0.071506937641423	181.98	190	-30.4	13.397	13.397	0	65.0609190231001	12	0.228776440392883	0.000257689294333377
0.0719029341805851	181.98	190	-30.4	13.397	13.397	0	65.0084545986423	12	0.228776440392883	0.000257216361750346
0.0717199475551165	181.98	190	-30.4	13.397	13.397	0	64.9661940926744	12	0.228776440392883	0.000256398894575839
0.071864459027085	181.98	190	-30.4	13.397	13.397	0	65.164816369866	12	0.228776440392883	0.00025857450716396
0.0717180674047392	181.98	190	-30.4	13.397	13.397	0	65.1632263637954	12	0.228776440392883	0.000258421159992345
0.0713277126775079	181.98	190	-30.4	13.397	13.397	0	65.0121911166541	12	0.228776440392883	0.000257955835269843
0.0714391142149724	181.98	190	-30.4	13.397	13.397	0	65.1379767160217	12	0.228776440392883	0.00025886730873678
0.0716037607649751	181.98	190	-30.4	13.397	13.397	0	65.0775841328519	12	0.228776440392883	0.000257626156260204
0.071161765953731	181.98	190	-30.4	13.397	13.397	0	64.9870504667056	12	0.228776440392883	0.000258856133765603
0.0716397933143362	181.98	190	-30.4	13.397	13.397	0	65.2396579859796	12	0.228776440392883	0.000259337856759285
0.0716283352992151	181.98	190	-30.4	13.397	13.397	0	65.2625023755688	12	0.228776440392883	0.000259617345241105
0.0713662204072707	181.98	190	-30.4	13.397	13.397	0	65.0983469911168	12	0.228776440392883	0.000258781039914903
0.0716653204246568	181.98	190	-30.4	13.397	13.397	0	65.1324037701728	12	0.228776440392883	0.00025813086154527
0.0716771234136349	181.98	190	-30.4	13.397	13.397	0	64.9229477878538	12	0.228776440392883	0.000255938317272389
0.0714330439484529	181.98	190	-30.4	13.397	13.397	0	65.0411958122872	12	0.228776440392883	0.00025774958761325
0.0713030814869041	181.98	190	-30.4	13.397	13.397	0	65.1130749484243	12	0.228776440392883	0.000259370476691703
0.0715197110862389	181.98	190	-30.4	13.397	13.397	0	65.1510306154057	12	0.228776440392883	0.000258677851063932
0.0718766794662264	181.98	190	-30.4	13.397	13.397	0	65.1771247800386	12	0.228776440392883	0.000258721273318879
0.0715707407298519	181.98	190	-30.4	13.397	13.397	0	64.8093041160289	12	0.228776440392883	0.000254794584316296
0.0713278439476335	181.98	190	-30.4	13.397	13.397	0	65.1323065912438	12	0.228776440392883	0.000259442424596193
0.071954839404822	181.98	190	-30.4	13.397	13.397	0	65.0084251285598	12	0.228776440392883	0.000257433207863651
0.0718305704269477	181.98	190	-30.4	13.397	13.397	0	65.147024252376	12	0.228776440392883	0.000258334607526487
0.0715558730550083	181.98	190	-30.4	13.397	13.397	0	65.0735744418245	12	0.228776440392883	0.000257686988538158
0.0717157159722902	181.98	190	-30.4	13.397	13.397	0	65.1891953560684	12	0.228776440392883	0.000258695163598023
0.0714847024131701	181.98	190	-30.4	13.397	13.397	0	65.2237720662723	12	0.228776440392883	0.000259671978728329
0.0715487554809229	181.98	190	-30.4	13.397	13.397	0	65.1980729814461	12	0.228776440392883	0.000259117126061171
0.0719779624528289	181.98	190	-30.4	13.397	13.397	0	65.3715940515076	12	0.228776440392883	0.000260857192411768
0.0718119985813401	181.98	190	-30.4	13.397	13.397	0	65.3449295998085	12	0.228776440392883	0.000260313819009833
0.0713282172290503	181.98	190	-30.4	13.397	13.397	0	65.0649797535337	12	0.228776440392883	0.000258602646082891
0.0716244854094501	181.98	190	-30.4	13.397	13.397	0	65.1022694654989	12	0.228776440392883	0.00025785984263572
0.071214351641188	181.98	190	-30.4	13.397	13.397	0	65.0001299093399	12	0.228776440392883	0.000258592590917283
0.071483098026046	181.98	190	-30.4	13.397	13.397	0	65.0291214149812	12	0.228776440392883	0.000257408148979992
0.0717476741485753	181.98	190	-30.4	13.397	13.397	0	65.1316678981937	12	0.228776440392883	0.000258094649338627
0.0718099604199166	181.98	190	-30.4	13.397	13.397	0	65.1039383778468	12	0.228776440392883	0.000257876481972815
0.0714722969375185	181.98	190	-30.4	13.397	13.397	0	64.978119058168	12	0.228776440392883	0.000256862806988428
0.0711357500908851	181.98	190	-30.4	13.397	13.397	0	65.0600769602384	12	0.228776440392883	0.000260057087845542
0.0715578183704796	181.98	190	-30.4	13.397	13.397	0	65.2362962045329	12	0.228776440392883	0.000259525183719505
0.071342642546613	181.98	190	-30.4	13.397	13.397	0	65.0230383152421	12	0.228776440392883	0.0002579994766633
0.0714741973959818	181.98	190	-30.4	13.397	13.397	0	64.8010612071089	12	0.228776440392883	0.000254870240665885
0.0715118279772501	181.98	190	-30.4	13.397	13.397	0	64.9428257729401	12	0.228776440392883	0.000256344388781085
0.0715697682925706	181.98	190	-30.4	13.397	13.397	0	65.187094293426	12	0.228776440392883	0.000258925358385972
0.0713185679377203	181.98	190	-30.4	13.397	13.397	0	65.0579276447415	12	0.228776440392883	0.00025857696327542
0.0713913853446573	181.98	190	-30.4	13.397	13.397	0	65.0658905967198	12	0.228776440392883	0.000258246671445446
0.0718532533715781	181.98	190	-30.4	13.397	13.397	0	65.1161975602868	12	0.228776440392883	0.00025807949518739
0.0716140084935258	181.98	190	-30.4	13.397	13.397	0	65.1981105005967	12	0.228776440392883	0.00025893304641543
0.0716868263519121	181.98	190	-30.4	13.397	13.397	0	65.1893946172568	12	0.228776440392883	0.000258718829690095
0.0711631447328409	181.98	190	-30.4	13.397	13.397	0	65.0153183088763	12	0.228776440392883	0.000259214765453932
0.0719206193137154	181.98	190	-30.4	13.397	13.397	0	65.0359725126849	12	0.228776440392883	0.000257534731283652
0.0713688902850169	181.98	190	-30.4	13.397	13.397	0	64.974235136255	12	0.228776440392883	0.000257264973494999
0.0713610661574884	181.98	190	-30.4	13.397	13.397	0	64.9708283098742	12	0.228776440392883	0.000257265099157537
0.0714846942921046	181.98	190	-30.4	13.397	13.397	0	65.0138578004917	12	0.228776440392883	0.00025722787101517
0.0717060937404354	181.98	190	-30.4	13.397	13.397	0	65.2900653463253	12	0.228776440392883	0.000259780749489399
0.0716884654898219	181.98	190	-30.4	13.397	13.397	0	65.1552097983586	12	0.228776440392883	0.000258352821464576
0.071576617114453	181.98	190	-30.4	13.397	13.397	0	65.0102428440495	12	0.228776440392883	0.000256941057199097
0.0719042971648922	181.98	190	-30.4	13.397	13.397	0	65.1010287539606	12	0.228776440392883	0.000258076276796547
0.0713609848379135	181.98	190	-30.4	13.397	13.397	0	64.8681878464822	12	0.228776440392883	0.000256045505703343
0.0715078081862594	181.98	190	-30.4	13.397	13.397	0	65.0076991345977	12	0.228776440392883	0.000257082777143976
0.0719582034414337	181.98	190	-30.4	13.397	13.397	0	65.2794301037326	12	0.228776440392883	0.0002599230525855
0.0714778538901221	181.98	190	-30.4	13.397	13.397	0	65.1081144424396	12	0.228776440392883	0.000258341433754079
0.0718887403221013	181.98	190	-30.4	13.397	13.397	0	64.9756990694868	12	0.228776440392883	0.000256864375570072
0.071421361090826	181.98	190	-30.4	13.397	13.397	0	65.284282398887	12	0.228776440392883	0.000260737957684546
0.0719912829063573	181.98	190	-30.4	13.397	13.397	0	65.0701257959708	12	0.228776440392883	0.000258152168725661
0.07170402580739	181.98	190	-30.4	13.397	13.397	0	65.1860115795591	12	0.228776440392883	0.000258668385860889
0.0718466894451153	181.98	190	-30.4	13.397	13.397	0	64.9628342240257	12	0.228776440392883	0.000256605477045363
0.0718769579773676	181.98	190	-30.4	13.397	13.397	0	65.1045812598932	12	0.228776440392883	0.000258027823689172
0.0717354218386022	181.98	190	-30.4	13.397	13.397	0	65.2791438408924	12	0.228776440392883	0.000259636416475646
0.0714209372598842	181.98	190	-30.4	13.397	13.397	0	65.1976011592559	12	0.228776440392883	0.000259679544121329
0.0715362348091386	181.98	190	-30.4	13.397	13.397	0	65.0385514758626	12	0.228776440392883	0.000257347575181984
0.0719433449549794	181.98	190	-30.4	13.397	13.397	0	65.0271246797449	12	0.228776440392883	0.000257548221158951
0.0712712872333245	181.98	190	-30.4	13.397	13.397	0	64.9958903447067	12	0.228776440392883	0.000258119246510138
0.0714801112950951	181.98	190	-30.4	13.397	13.397	0	65.2176133309632	12	0.228776440392883	0.00025962003324313
0.07142147481854	181.98	190	-30.4	13.397	13.397	0	65.0637139942878	12	0.228776440392883	0.000258069085067236
0.0713676480188083	181.98	190	-30.4	13.397	13.397	0	64.9717220785014	12	0.228776440392883	0.000257241351267731
0.0716848756965609	181.98	190	-30.4	13.397	13.397	0	64.9934060483233	12	0.228776440392883	0.000256661423340279
0.0715020637422802	181.98	190	-30.4	13.397	13.397	0	65.0558883860593	12	0.228776440392883	0.000257648315250678
0.0715236718383166	181.98	190	-30.4	13.397	13.397	0	65.0171650215619	12	0.228776440392883	0.000257142752206528
0.0714988923741613	181.98	190	-30.4	13.397	13.397	0	64.9639349021501	12	0.228776440392883	0.000256616577107283
0.0719947994298313	181.98	190	-30.4	13.397	13.397	0	65.2387063483259	12	0.228776440392883	0.000259678649065224
0.0715061075997039	181.98	190	-30.4	13.397	13.397	0	65.2041284452399	12	0.228776440392883	0.000259347243857828
0.0711668137576119	181.98	190	-30.4	13.397	13.397	0	65.1010214953939	12	0.228776440392883	0.000260314551509408
0.0716954017103952	181.98	190	-30.4	13.397	13.397	0	65.1162035531436	12	0.228776440392883	0.000257936509294425
0.07151956904367	181.98	190	-30.4	13.397	13.397	0	64.8993139568466	12	0.228776440392883	0.000255844230528877
0.071746868924761	181.98	190	-30.4	13.397	13.397	0	65.181417885629	12	0.228776440392883	0.000258607286040103
0.0711665243966442	181.98	190	-30.4	13.397	13.397	0	65.1501217424602	12	0.228776440392883	0.000260972537950974
0.0715245368547842	181.98	190	-30.4	13.397	13.397	0	64.9270705520023	12	0.228776440392883	0.000256138411633916
0.0717202495847264	181.98	190	-30.4	13.397	13.397	0	65.1372923471912	12	0.228776440392883	0.0002581497301262
0.0714359345686395	181.98	190	-30.4	13.397	13.397	0	65.0217730799556	12	0.228776440392883	0.000257509078423462
0.0716338375657436	181.98	190	-30.4	13.397	13.397	0	65.0990154108992	12	0.228776440392883	0.000257810626902086
0.0716522311668938	181.98	190	-30.4	13.397	13.397	0	65.2774057348343	12	0.228776440392883	0.000259730135112268
0.0716577994106451	181.98	190	-30.4	13.397	13.397	0	65.0729982568363	12	0.228776440392883	0.000257504906205907
0.0715902597158508	181.98	190	-30.4	13.397	13.397	0	65.2216241343914	12	0.228776440392883	0.000259256854407252
0.0716112961168585	181.98	190	-30.4	13.397	13.397	0	64.9029347311039	12	0.228776440392883	0.000255745884491168
0.0716621760252122	181.98	190	-30.4	13.397	13.397	0	65.1081610243172	12	0.228776440392883	0.000257875053124165
0.0716507641627993	181.98	190	-30.4	13.397	13.397	0	64.9316588084811	12	0.228776440392883	0.000256026851154865
0.0717597532492019	181.98	190	-30.4	13.397	13.397	0	65.3762462965031	12	0.228776440392883	0.00026065525662324
0.0714800039737242	181.98	190	-30.4	13.397	13.397	0	64.9640515839958	12	0.228776440392883	0.00025667672628405
0.0717618511416375	181.98	190	-30.4	13.397	13.397	0	65.1863906965253	12	0.228776440392883	0.000258661531489562
0.0714713650142717	181.98	190	-30.4	13.397	13.397	0	65.1272384583951	12	0.228776440392883	0.000258592262674883
0.0718592099824558	181.98	190	-30.4	13.397	13.397	0	65.3002237829001	12	0.228776440392883	0.000259898386177139
0.0716308335869776	181.98	190	-30.4	13.397	13.397	0	65.2373075131057	12	0.228776440392883	0.000259330915659832
0.0716244069270605	181.98	190	-30.4	13.397	13.397	0	65.1940090920328	12	0.228776440392883	0.000258864940073794
0.0721150838751792	181.98	190	-30.4	13.397	13.397	0	65.1153622879416	12	0.228776440392883	0.000259268808332656
0.0714010627223656	181.98	190	-30.4	13.397	13.397	0	65.218212743831	12	0.228776440392883	0.000260045273714748
0.0715963212427228	181.98	190	-30.4	13.397	13.397	0	64.9125499466095	12	0.228776440392883	0.000255860600430415
0.0713486181269092	181.98	190	-30.4	13.397	13.397	0	65.1066987116034	12	0.228776440392883	0.000258990135258548
0.071745526985426	181.98	190	-30.4	13.397	13.397	0	65.3003377652611	12	0.228776440392883	0.000259855385957987
0.071947238105994	181.98	190	-30.4	13.397	13.397	0	65.0186502184128	12	0.228776440392883	0.000257489553590007
0.0715269789456197	181.98	190	-30.4	13.397	13.397	0	64.9819043666753	12	0.228776440392883	0.000256739796599201
0.0715133748735045	181.98	190	-30.4	13.397	13.397	0	64.9796198504884	12	0.228776440392883	0.000256750881348604
0.0715989777913491	181.98	190	-30.4	13.397	13.397	0	65.1905314125556	12	0.228776440392883	0.000258884378618239
0.0717312292512444	181.98	190	-30.4	13.397	13.397	0	65.131733591525	12	0.228776440392883	0.000258091707397624
0.0713458491460069	181.98	190	-30.4	13.397	13.397	0	65.0798344487073	12	0.228776440392883	0.000258676140947915
0.0715072967959829	181.98	190	-30.4	13.397	13.397	0	65.1022747707708	12	0.228776440392883	0.000258161381475586
0.0715692070651859	181.98	190	-30.4	13.397	13.397	0	65.1815052958899	12	0.228776440392883	0.000258863712703738
0.0714400442693506	181.98	190	-30.4	13.397	13.397	0	65.1400800900164	12	0.228776440392883	0.000258887853902774
0.0714632204098241	181.98	190	-30.4	13.397	13.397	0	64.912489037808	12	0.228776440392883	0.000256147307563502
0.0716196400012763	181.98	190	-30.4	13.397	13.397	0	65.1758862538149	12	0.228776440392883	0.000258674639775637
0.0715980948625448	181.98	190	-30.4	13.397	13.397	0	65.0445891997235	12	0.228776440392883	0.000257276573725302
0.071689143312847	181.98	190	-30.4	13.397	13.397	0	65.1426745056225	12	0.228776440392883	0.000258219338755305
0.0713857141949617	181.98	190	-30.4	13.397	13.397	0	64.9673138272274	12	0.228776440392883	0.000257098141681601
0.0715092775144916	181.98	190	-30.4	13.397	13.397	0	64.9593777413619	12	0.228776440392883	0.000256535830418115
0.0715317257622713	181.98	190	-30.4	13.397	13.397	0	65.0984786329202	12	0.228776440392883	0.000258036366309051
0.0714096554219377	181.98	190	-30.4	13.397	13.397	0	65.2452611968778	12	0.228776440392883	0.00026032697568353
0.0713842462325762	181.98	190	-30.4	13.397	13.397	0	64.996802375168	12	0.228776440392883	0.00025745602059486
0.0714998906784588	181.98	190	-30.4	13.397	13.397	0	65.0705408703439	12	0.228776440392883	0.000257823438590806
0.0714121920590753	181.98	190	-30.4	13.397	13.397	0	64.8597463997358	12	0.228776440392883	0.000255727488529843
0.071314409469916	181.98	190	-30.4	13.397	13.397	0	65.1175705798356	12	0.228776440392883	0.000259348668701215
0.0712312473823149	181.98	190	-30.4	13.397	13.397	0	64.9290437086839	12	0.228776440392883	0.000257561656262861
0.071109918262707	181.98	190	-30.4	13.397	13.397	0	65.0795774455222	12	0.228776440392883	0.000260569847030066
0.0714842140336533	181.98	190	-30.4	13.397	13.397	0	65.2943000107998	12	0.228776440392883	0.000260516316623696
0.0713264942310114	181.98	190	-30.4	13.397	13.397	0	65.0366069712234	12	0.228776440392883	0.000258263302473433
0.0715262774894783	181.98	190	-30.4	13.397	13.397	0	64.9975213547943	12	0.228776440392883	0.000256915716395086
0.0715436997278926	181.98	190	-30.4	13.397	13.397	0	64.9730299054605	12	0.228776440392883	0.000256601116661624
0.0717004538867627	181.98	190	-30.4	13.397	13.397	0	65.1605400598528	12	0.228776440392883	0.000258401005876693
0.0713383987353148	181.98	190	-30.4	13.397	13.397	0	65.0990810280865	12	0.228776440392883	0.000258960120382627
0.0716475217836407	181.98	190	-30.4	13.397	13.397	0	65.3544911616821	12	0.228776440392883	0.000260602098361213
0.0715028964908664	181.98	190	-30.4	13.397	13.397	0	65.0796613869881	12	0.228776440392883	0.000257917426590286
0.0711930738618072	181.98	190	-30.4	13.397	13.397	0	65.0400118953709	12	0.228776440392883	0.000259281161697102
0.0715946790315185	181.98	190	-30.4	13.397	13.397	0	65.1922192676027	12	0.228776440392883	0.000258914153733389
0.072046962668176	181.98	190	-30.4	13.397	13.397	0	65.30906923797	12	0.228776440392883	0.000260543062074244
0.0716192993380284	181.98	190	-30.4	13.397	13.397	0	65.0844665531691	12	0.228776440392883	0.000257674825405535
0.0718236482474056	181.98	190	-30.4	13.397	13.397	0	65.2058524944146	12	0.228776440392883	0.000258907647198696
0.0717698308680903	181.98	190	-30.4	13.397	13.397	0	65.0607282786255	12	0.228776440392883	0.000257393449250522
0.0716671601659954	181.98	190	-30.4	13.397	13.397	0	65.1042061297087	12	0.228776440392883	0.000257828349843255
0.0717917667805791	181.98	190	-30.4	13.397	13.397	0	65.1960346442709	12	0.228776440392883	0.000258776239563869
0.0716771590861186	181.98	190	-30.4	13.397	13.397	0	65.1510256872475	12	0.228776440392883	0.000258318045781725
0.0715296138235249	181.98	190	-30.4	13.397	13.397	0	65.0140102525583	12	0.228776440392883	0.000257090967979902
0.0719046278140223	181.98	190	-30.4	13.397	13.397	0	65.1788198533335	12	0.228776440392883	0.000258809736002238
