0.0715015742433137	181.98	190	-30.4	13.397	13.397	0	67.3544308863937	12	0.228776440392883	0.000289309179751048
0.0702542055167147	181.98	190	-30.4	13.397	13.397	0	66.8396274632056	12	0.228776440392883	0.000309319975416135
0.0717911484382107	181.98	190	-30.4	13.397	13.397	0	67.7753488558126	12	0.228776440392883	0.000291811423390413
0.0707490110712065	181.98	190	-30.4	13.397	13.397	0	67.6206184955308	12	0.228776440392883	0.00031073142688019
0.071363779335496	181.98	190	-30.4	13.397	13.397	0	67.375976407156	12	0.228776440392883	0.000291955446108556
0.0714536192843587	181.98	190	-30.4	13.397	13.397	0	67.1637169583445	12	0.228776440392883	0.000286995186639788
0.0682029647622367	181.98	190	-30.4	13.397	13.397	0	65.2514433177926	12	0.228776440392883	0.000354355980487375
0.071218832334856	181.98	190	-30.4	13.397	13.397	0	67.2143166919427	12	0.228776440392883	0.000291887911047604
0.0714370385607042	181.98	190	-30.4	13.397	13.397	0	66.5078445477757	12	0.228776440392883	0.000277162787790592
0.0705942033137982	181.98	190	-30.4	13.397	13.397	0	69.7105549041141	12	0.228776440392883	0.000363289252861931
0.0712529719215846	181.98	190	-30.4	13.397	13.397	0	70.4043528661355	12	0.228776440392883	0.000355060915729862
0.0702424033703368	181.98	190	-30.4	13.397	13.397	0	67.4925614146132	12	0.228776440392883	0.000324036480855344
0.0713309452086353	181.98	190	-30.4	13.397	13.397	0	67.3899346318113	12	0.228776440392883	0.000292785103402376
0.0728544209970465	181.98	190	-30.4	13.397	13.397	0	73.6483053098205	12	0.228776440392883	0.000377557683078864
0.0715609334262412	181.98	190	-30.4	13.397	13.397	0	67.6708791028859	12	0.228776440392883	0.000293501058879799
0.0717424506806464	181.98	190	-30.4	13.397	13.397	0	67.5505800602739	12	0.228776440392883	0.000288995890958378
0.0705842834512579	181.98	190	-30.4	13.397	13.397	0	67.4444174566585	12	0.228776440392883	0.000311904312819577
0.0721297787551269	181.98	190	-30.4	13.397	13.397	0	67.2421631381395	12	0.228776440392883	0.00028141901224232
0.0716282675079463	181.98	190	-30.4	13.397	13.397	0	67.0456516224198	12	0.228776440392883	0.000282814125533311
0.0715683762933147	181.98	190	-30.4	13.397	13.397	0	68.744716811256	12	0.228776440392883	0.00031200376364302
0.0721248096434793	181.98	190	-30.4	13.397	13.397	0	67.8181772515168	12	0.228776440392883	0.000289016060117387
0.069981161748715	181.98	190	-30.4	13.397	13.397	0	66.6467153612916	12	0.228776440392883	0.000314138987472528
0.0702554120808958	181.98	190	-30.4	13.397	13.397	0	69.2443141584869	12	0.228776440392883	0.00036571138635047
0.0719711014159499	181.98	190	-30.4	13.397	13.397	0	66.9380234850525	12	0.228776440392883	0.000278351961576438
0.0719048277551773	181.98	190	-30.4	13.397	13.397	0	68.3029954474361	12	0.228776440392883	0.000298520737426389
0.0720791206582859	181.98	190	-30.4	13.397	13.397	0	68.4057116509677	12	0.228776440392883	0.000297914675905034
0.0711958306715774	181.98	190	-30.4	13.397	13.397	0	67.6680086558113	12	0.228776440392883	0.000300402546337786
0.07006664196969	181.98	190	-30.4	13.397	13.397	0	65.9796384072503	12	0.228776440392883	0.000297079797394629
0.0723381436136462	181.98	190	-30.4	13.397	13.397	0	67.1376152001228	12	0.228776440392883	0.000279697009784748
0.071741539616123	181.98	190	-30.4	13.397	13.397	0	67.5626663597314	12	0.228776440392883	0.000289191207264659
0.0714643706723749	181.98	190	-30.4	13.397	13.397	0	66.3522721597416	12	0.228776440392883	0.000274591120662324
0.0713171390526829	181.98	190	-30.4	13.397	13.397	0	69.9313530134957	12	0.228776440392883	0.000342415631341911
0.0716972678601827	181.98	190	-30.4	13.397	13.397	0	66.4931949733829	12	0.228776440392883	0.000274362187313196
0.0720288162808311	181.98	190	-30.4	13.397	13.397	0	67.7153051829507	12	0.228776440392883	0.000288364964890193
0.0698695949904872	181.98	190	-30.4	13.397	13.397	0	67.6737763992805	12	0.228776440392883	0.000342431787031784
0.0714800903468993	181.98	190	-30.4	13.397	13.397	0	70.069480844671	12	0.228776440392883	0.000340435063014395
0.0716232898056694	181.98	190	-30.4	13.397	13.397	0	67.5317567344592	12	0.228776440392883	0.000290312302833702
0.0698098379512641	181.98	190	-30.4	13.397	13.397	0	65.5385624073253	12	0.228776440392883	0.000295796904351672
0.0722076928907312	181.98	190	-30.4	13.397	13.397	0	66.9908571139257	12	0.228776440392883	0.000278142921565409
0.0702755875331124	181.98	190	-30.4	13.397	13.397	0	66.1474026684357	12	0.228776440392883	0.000294416192103677
0.0711136331158484	181.98	190	-30.4	13.397	13.397	0	70.5496973223563	12	0.228776440392883	0.000363440222083346
0.0711445037638898	181.98	190	-30.4	13.397	13.397	0	69.1108858316916	12	0.228776440392883	0.000330116356800438
0.0718744625748967	181.98	190	-30.4	13.397	13.397	0	70.095548012507	12	0.228776440392883	0.000330543450998353
0.0716415298192437	181.98	190	-30.4	13.397	13.397	0	66.854916447886	12	0.228776440392883	0.000279884542828277
0.0710253085774616	181.98	190	-30.4	13.397	13.397	0	68.4392058725603	12	0.228776440392883	0.000319611241019156
0.0715099238533423	181.98	190	-30.4	13.397	13.397	0	71.8501246050891	12	0.228776440392883	0.000379702066315377
0.0698266152476624	181.98	190	-30.4	13.397	13.397	0	66.3490515125562	12	0.228776440392883	0.000312856362818053
0.071782220087082	181.98	190	-30.4	13.397	13.397	0	67.8526696768567	12	0.228776440392883	0.000293125921144774
0.0720863006380122	181.98	190	-30.4	13.397	13.397	0	67.0172332653603	12	0.228776440392883	0.000278801823424339
0.0691706687921278	181.98	190	-30.4	13.397	13.397	0	67.2660005306573	12	0.228776440392883	0.000362779831295023
0.0722013489086326	181.98	190	-30.4	13.397	13.397	0	66.2148917304933	12	0.228776440392883	0.000269720211683232
0.070481738979592	181.98	190	-30.4	13.397	13.397	0	69.1111895043438	12	0.228776440392883	0.000353077539853521
0.0715322222662875	181.98	190	-30.4	13.397	13.397	0	70.608328165997	12	0.228776440392883	0.000350439841795802
0.0706701768283614	181.98	190	-30.4	13.397	13.397	0	69.163585374303	12	0.228776440392883	0.000347142841262383
0.0717325109696005	181.98	190	-30.4	13.397	13.397	0	67.3340809857413	12	0.228776440392883	0.000285866105486054
0.0720917170924081	181.98	190	-30.4	13.397	13.397	0	70.2961729051251	12	0.228776440392883	0.000329530318450703
0.0712897797274426	181.98	190	-30.4	13.397	13.397	0	69.0251072974586	12	0.228776440392883	0.000324200300776612
0.0716708906540835	181.98	190	-30.4	13.397	13.397	0	69.0513057481289	12	0.228776440392883	0.00031543793218393
0.0698547949101121	181.98	190	-30.4	13.397	13.397	0	67.3969301994777	12	0.228776440392883	0.000336263144736256
0.0720670236644205	181.98	190	-30.4	13.397	13.397	0	67.6905486171805	12	0.228776440392883	0.00028770609904819
0.0677824557357629	181.98	190	-30.4	13.397	13.397	0	65.4247770527796	12	0.228776440392883	0.000381259723207824
0.0717129252128025	181.98	190	-30.4	13.397	13.397	0	67.4466768582178	12	0.228776440392883	0.000287789687126802
0.0720280894309947	181.98	190	-30.4	13.397	13.397	0	67.9339525056911	12	0.228776440392883	0.00029148470177152
0.0697143907803328	181.98	190	-30.4	13.397	13.397	0	68.3638563970917	12	0.228776440392883	0.000366826475572351
0.0715433844961797	181.98	190	-30.4	13.397	13.397	0	68.9723999410604	12	0.228776440392883	0.000316798401728775
0.0713591447170586	181.98	190	-30.4	13.397	13.397	0	68.388209260815	12	0.228776440392883	0.000310045019966686
0.0719293379708884	181.98	190	-30.4	13.397	13.397	0	67.3517304817074	12	0.228776440392883	0.000284148846822551
0.0708528922399482	181.98	190	-30.4	13.397	13.397	0	66.8075432703362	12	0.228776440392883	0.000292358000387496
0.070950329138582	181.98	190	-30.4	13.397	13.397	0	66.4386036138174	12	0.228776440392883	0.000283768022232857
0.0718616365241374	181.98	190	-30.4	13.397	13.397	0	67.1360148987578	12	0.228776440392883	0.000281742264967635
0.0713267665860962	181.98	190	-30.4	13.397	13.397	0	67.7279457139383	12	0.228776440392883	0.000298724608749226
0.0699086030315299	181.98	190	-30.4	13.397	13.397	0	70.5715654104627	12	0.228776440392883	0.000418888224559597
0.0718968925563553	181.98	190	-30.4	13.397	13.397	0	68.647057642522	12	0.228776440392883	0.00030419388734132
0.0718995676885526	181.98	190	-30.4	13.397	13.397	0	67.8889296756644	12	0.228776440392883	0.000292202870217746
0.0707654485114587	181.98	190	-30.4	13.397	13.397	0	66.9843933678903	12	0.228776440392883	0.00029775252701279
0.0716610462278413	181.98	190	-30.4	13.397	13.397	0	67.5286206394456	12	0.228776440392883	0.000289730651666951
0.0713366158973772	181.98	190	-30.4	13.397	13.397	0	68.1075827195683	12	0.228776440392883	0.000305349921891832
0.0701119003884778	181.98	190	-30.4	13.397	13.397	0	67.0868610203902	12	0.228776440392883	0.000319454680699798
0.0713548505247463	181.98	190	-30.4	13.397	13.397	0	67.5391869334878	12	0.228776440392883	0.000294890876489553
0.0701769291754124	181.98	190	-30.4	13.397	13.397	0	66.4170850614262	12	0.228776440392883	0.000302809568681278
0.0717538902382835	181.98	190	-30.4	13.397	13.397	0	68.2181076324548	12	0.228776440392883	0.00029938677326002
0.0711058335736399	181.98	190	-30.4	13.397	13.397	0	68.7559450761646	12	0.228776440392883	0.000323833895146275
0.0700603411487257	181.98	190	-30.4	13.397	13.397	0	67.7332466555763	12	0.228776440392883	0.000336310990625338
0.0701815713039112	181.98	190	-30.4	13.397	13.397	0	67.0067118687696	12	0.228776440392883	0.000315298540274134
0.0715885218420499	181.98	190	-30.4	13.397	13.397	0	68.2200989087845	12	0.228776440392883	0.000302259099955354
0.0716378569010294	181.98	190	-30.4	13.397	13.397	0	66.6179196218142	12	0.228776440392883	0.000276572446299846
0.0713567076523491	181.98	190	-30.4	13.397	13.397	0	68.1557542912347	12	0.228776440392883	0.000305792927763919
0.0715160883837577	181.98	190	-30.4	13.397	13.397	0	72.2234354045567	12	0.228776440392883	0.000388546771841245
0.0710515305020094	181.98	190	-30.4	13.397	13.397	0	67.8851171920146	12	0.228776440392883	0.00030787605755652
0.0704627951786515	181.98	190	-30.4	13.397	13.397	0	66.5563675478903	12	0.228776440392883	0.00029735538547037
0.0712410302561188	181.98	190	-30.4	13.397	13.397	0	69.9890430090702	12	0.228776440392883	0.000346112250842383
0.0707470856538624	181.98	190	-30.4	13.397	13.397	0	66.9360088213183	12	0.228776440392883	0.000297288826251683
0.0722038462687813	181.98	190	-30.4	13.397	13.397	0	73.7078713252821	12	0.228776440392883	0.000398628774527467
0.0714835149608377	181.98	190	-30.4	13.397	13.397	0	67.4180019400289	12	0.228776440392883	0.000290622041415153
0.0711872624345632	181.98	190	-30.4	13.397	13.397	0	66.8674691124898	12	0.228776440392883	0.00028658559819195
0.069830606271064	181.98	190	-30.4	13.397	13.397	0	68.786964307766	12	0.228776440392883	0.000372738347473651
0.0685232319180512	181.98	190	-30.4	13.397	13.397	0	68.2256762831369	12	0.228776440392883	0.000425488698432594
0.0719322423804999	181.98	190	-30.4	13.397	13.397	0	67.0062214729125	12	0.228776440392883	0.000279469585984639
0.0701027974495514	181.98	190	-30.4	13.397	13.397	0	66.5642432538912	12	0.228776440392883	0.000308268175038471
0.0714087334072513	181.98	190	-30.4	13.397	13.397	0	72.589130277007	12	0.228776440392883	0.000402136506429522
0.0707337532466014	181.98	190	-30.4	13.397	13.397	0	67.8085467650332	12	0.228776440392883	0.000315035483537671
0.0706218237894392	181.98	190	-30.4	13.397	13.397	0	69.9868922437669	12	0.228776440392883	0.000369050376233091
0.069912783084151	181.98	190	-30.4	13.397	13.397	0	69.0691739945564	12	0.228776440392883	0.000376478081839135
0.0680037797194324	181.98	190	-30.4	13.397	13.397	0	68.0427852341682	12	0.228776440392883	0.000451311800896516
0.0711658437481382	181.98	190	-30.4	13.397	13.397	0	68.527059248064	12	0.228776440392883	0.000317526716895229
0.0718363116888364	181.98	190	-30.4	13.397	13.397	0	69.166715106003	12	0.228776440392883	0.000314157540693379
0.071904350763929	181.98	190	-30.4	13.397	13.397	0	67.7246652048861	12	0.228776440392883	0.000289707454640306
0.0726602335764936	181.98	190	-30.4	13.397	13.397	0	73.0838236898234	12	0.228776440392883	0.000370858659436425
0.0694108835376941	181.98	190	-30.4	13.397	13.397	0	68.4028571272972	12	0.228776440392883	0.000382417924500104
0.0715173249924594	181.98	190	-30.4	13.397	13.397	0	66.0386627497966	12	0.228776440392883	0.000269745056443375
0.0716998615780854	181.98	190	-30.4	13.397	13.397	0	68.5820096849989	12	0.228776440392883	0.000306465114512313
0.071641867535044	181.98	190	-30.4	13.397	13.397	0	67.9602846435494	12	0.228776440392883	0.000296943224015481
0.0718748142070744	181.98	190	-30.4	13.397	13.397	0	67.7718184127056	12	0.228776440392883	0.000290735302071671
0.0685025571252153	181.98	190	-30.4	13.397	13.397	0	69.1768205542789	12	0.228776440392883	0.000457521431248191
0.0707063427623088	181.98	190	-30.4	13.397	13.397	0	72.627767888359	12	0.228776440392883	0.00043658664313074
0.0686103144754253	181.98	190	-30.4	13.397	13.397	0	66.449210286575	12	0.228776440392883	0.000367621584913661
0.0712653939036608	181.98	190	-30.4	13.397	13.397	0	67.6957745087645	12	0.228776440392883	0.0002994138416687
0.0703119056385032	181.98	190	-30.4	13.397	13.397	0	68.1227078434237	12	0.228776440392883	0.000336006452616219
0.0711053314080767	181.98	190	-30.4	13.397	13.397	0	66.4280740255606	12	0.228776440392883	0.000280765209770927
0.0709806018426543	181.98	190	-30.4	13.397	13.397	0	70.5682404430103	12	0.228776440392883	0.000368968825441396
0.0712506740952989	181.98	190	-30.4	13.397	13.397	0	67.2763809777169	12	0.228776440392883	0.000292346383111036
0.071160104935997	181.98	190	-30.4	13.397	13.397	0	66.9642311199116	12	0.228776440392883	0.0002887203651178
0.0688703392657762	181.98	190	-30.4	13.397	13.397	0	67.315141367329	12	0.228776440392883	0.000378987592947022
0.0725039025683552	181.98	190	-30.4	13.397	13.397	0	67.6880786677206	12	0.228776440392883	0.000285903794573445
0.0718159961452783	181.98	190	-30.4	13.397	13.397	0	66.8851675416896	12	0.228776440392883	0.00027869439114436
0.0690159410041908	181.98	190	-30.4	13.397	13.397	0	66.1720991850583	12	0.228776440392883	0.000340889633402766
0.0717293523165844	181.98	190	-30.4	13.397	13.397	0	67.730797418693	12	0.228776440392883	0.000291944152043427
0.0704512749406862	181.98	190	-30.4	13.397	13.397	0	69.1437564852732	12	0.228776440392883	0.000355077977080653
0.0712725022170469	181.98	190	-30.4	13.397	13.397	0	67.2448446754752	12	0.228776440392883	0.000291396349938133
0.0720457382758002	181.98	190	-30.4	13.397	13.397	0	67.5272440464511	12	0.228776440392883	0.000285635741964351
0.0718208183267227	181.98	190	-30.4	13.397	13.397	0	66.9018719830121	12	0.228776440392883	0.000278882068746277
0.0713792854306143	181.98	190	-30.4	13.397	13.397	0	68.219622621254	12	0.228776440392883	0.000306470125497496
0.0711408888969215	181.98	190	-30.4	13.397	13.397	0	67.4440073909114	12	0.228776440392883	0.000297534484437033
0.070379458200336	181.98	190	-30.4	13.397	13.397	0	69.0290689481801	12	0.228776440392883	0.000355142226295414
0.0726279799058604	181.98	190	-30.4	13.397	13.397	0	73.3144781716933	12	0.228776440392883	0.000376494093901933
0.07077036761765	181.98	190	-30.4	13.397	13.397	0	73.033521885704	12	0.228776440392883	0.000445024382084787
0.072182239450237	181.98	190	-30.4	13.397	13.397	0	67.2212698209064	12	0.228776440392883	0.000280956284813596
0.0694454959998528	181.98	190	-30.4	13.397	13.397	0	67.2805997190866	12	0.228776440392883	0.000350540546316086
0.0716380212817741	181.98	190	-30.4	13.397	13.397	0	67.6223723221789	12	0.228776440392883	0.000291532244543071
0.0713185894339799	181.98	190	-30.4	13.397	13.397	0	70.110987846258	12	0.228776440392883	0.000346297655359006
0.0700617497192032	181.98	190	-30.4	13.397	13.397	0	67.513719846443	12	0.228776440392883	0.000331064359826836
0.0708754761758395	181.98	190	-30.4	13.397	13.397	0	69.424540649369	12	0.228776440392883	0.00034578847873441
0.0703445290472878	181.98	190	-30.4	13.397	13.397	0	65.9585084847428	12	0.228776440392883	0.000288861024226925
0.0719988460790861	181.98	190	-30.4	13.397	13.397	0	67.7962243697285	12	0.228776440392883	0.000289785013980079
0.071484900719785	181.98	190	-30.4	13.397	13.397	0	69.4010264525997	12	0.228776440392883	0.000326558440475365
0.0717333187420409	181.98	190	-30.4	13.397	13.397	0	67.5233612128137	12	0.228776440392883	0.000288697122465769
0.068866692929993	181.98	190	-30.4	13.397	13.397	0	66.8727978372484	12	0.228776440392883	0.000366707925877364
0.0687573336005876	181.98	190	-30.4	13.397	13.397	0	66.6808785091599	12	0.228776440392883	0.000366772710316287
0.0702505651269403	181.98	190	-30.4	13.397	13.397	0	70.3110640271614	12	0.228776440392883	0.000394169080152975
0.0689318391977839	181.98	190	-30.4	13.397	13.397	0	66.7382052850617	12	0.228776440392883	0.000359831415770566
0.0718235298298609	181.98	190	-30.4	13.397	13.397	0	67.3564352529101	12	0.228776440392883	0.000285200048094405
0.0693742358862681	181.98	190	-30.4	13.397	13.397	0	68.5281873656499	12	0.228776440392883	0.000387791760414733
0.0687651447598608	181.98	190	-30.4	13.397	13.397	0	65.7809632009044	12	0.228776440392883	0.000341967163202766
0.0687980497735697	181.98	190	-30.4	13.397	13.397	0	65.4856407452389	12	0.228776440392883	0.000332817330545283
0.0716467998942561	181.98	190	-30.4	13.397	13.397	0	69.0121269505926	12	0.228776440392883	0.000315233955660096
0.0688144142992943	181.98	190	-30.4	13.397	13.397	0	65.8551943684684	12	0.228776440392883	0.000341677565726321
0.0710476175639013	181.98	190	-30.4	13.397	13.397	0	68.8283366332578	12	0.228776440392883	0.000327048728043622
0.0688148618196741	181.98	190	-30.4	13.397	13.397	0	66.2363446416391	12	0.228776440392883	0.000351790065213396
0.0723005464219619	181.98	190	-30.4	13.397	13.397	0	68.4231312340241	12	0.228776440392883	0.000296054380936059
0.0717416632211297	181.98	190	-30.4	13.397	13.397	0	68.214862890328	12	0.228776440392883	0.000299527952774105
0.0714912279180162	181.98	190	-30.4	13.397	13.397	0	67.3117061191939	12	0.228776440392883	0.000288783502227626
0.0701707987216627	181.98	190	-30.4	13.397	13.397	0	67.4829486047523	12	0.228776440392883	0.00032635251122578
0.0699127782097415	181.98	190	-30.4	13.397	13.397	0	67.3417287363678	12	0.228776440392883	0.000332666208641346
0.0707882176893471	181.98	190	-30.4	13.397	13.397	0	66.7010070640167	12	0.228776440392883	0.000291890609522717
0.0725570090205355	181.98	190	-30.4	13.397	13.397	0	69.4968083942264	12	0.228776440392883	0.000309313425505922
0.0709287304349304	181.98	190	-30.4	13.397	13.397	0	69.5805146638245	12	0.228776440392883	0.000347492854971847
0.0715628191736973	181.98	190	-30.4	13.397	13.397	0	67.321398322613	12	0.228776440392883	0.000287872560425889
0.0698111052850391	181.98	190	-30.4	13.397	13.397	0	68.8000057124863	12	0.228776440392883	0.000373995185042163
0.0724682665215636	181.98	190	-30.4	13.397	13.397	0	68.6895457236113	12	0.228776440392883	0.00029856468364888
0.0713050772270615	181.98	190	-30.4	13.397	13.397	0	67.1226859845026	12	0.228776440392883	0.000288755621132886
0.0724936041318607	181.98	190	-30.4	13.397	13.397	0	74.108613528639	12	0.228776440392883	0.000398018053195957
0.0689227918767285	181.98	190	-30.4	13.397	13.397	0	70.8702888742305	12	0.228776440392883	0.000487283069178742
0.0690473052778842	181.98	190	-30.4	13.397	13.397	0	66.3281663201461	12	0.228776440392883	0.000343543364692441
0.0688640624630867	181.98	190	-30.4	13.397	13.397	0	68.8341973826744	12	0.228776440392883	0.000424636100226972
0.0715438449387025	181.98	190	-30.4	13.397	13.397	0	67.8407585309846	12	0.228776440392883	0.000296601696699882
0.0729029588806965	181.98	190	-30.4	13.397	13.397	0	73.4567997513806	12	0.228776440392883	0.000372527064106044
0.0723449483075714	181.98	190	-30.4	13.397	13.397	0	68.4141010811611	12	0.228776440392883	0.000295606062335902
0.071807303557446	181.98	190	-30.4	13.397	13.397	0	67.8434567628267	12	0.228776440392883	0.000292650965893589
0.0708964267555025	181.98	190	-30.4	13.397	13.397	0	69.4341141656489	12	0.228776440392883	0.000345271539680835
0.0715098421805524	181.98	190	-30.4	13.397	13.397	0	66.794897523256	12	0.228776440392883	0.000280524322884087
0.0711613008674137	181.98	190	-30.4	13.397	13.397	0	68.3273989349829	12	0.228776440392883	0.00031369610648153
0.0703908506414111	181.98	190	-30.4	13.397	13.397	0	67.0490240406393	12	0.228776440392883	0.00030949285534993
0.0720025096531349	181.98	190	-30.4	13.397	13.397	0	68.5137412788247	12	0.228776440392883	0.00030052116473252
0.0718834571520454	181.98	190	-30.4	13.397	13.397	0	66.5318385547748	12	0.228776440392883	0.000273683928142146
0.0709466880724793	181.98	190	-30.4	13.397	13.397	0	66.3347157047944	12	0.228776440392883	0.000282071282176936
0.0717038357230634	181.98	190	-30.4	13.397	13.397	0	66.7612975180806	12	0.228776440392883	0.000277951038199484
0.0726158833793729	181.98	190	-30.4	13.397	13.397	0	67.3590123036246	12	0.228776440392883	0.00028253748530732
0.0718692311457604	181.98	190	-30.4	13.397	13.397	0	66.5961729608204	12	0.228776440392883	0.000274563418169145
0.0686036771821587	181.98	190	-30.4	13.397	13.397	0	66.9470104369644	12	0.228776440392883	0.000382223091582966
0.0687404305916487	181.98	190	-30.4	13.397	13.397	0	67.1987624937817	12	0.228776440392883	0.000382361410760594
0.0716529148736769	181.98	190	-30.4	13.397	13.397	0	67.6877070961438	12	0.228776440392883	0.000292352190029081
0.0711595866772578	181.98	190	-30.4	13.397	13.397	0	66.9881637731697	12	0.228776440392883	0.000289138863867401
0.0715841476100202	181.98	190	-30.4	13.397	13.397	0	67.5895698892822	12	0.228776440392883	0.00029181608680304
0.0708302874000008	181.98	190	-30.4	13.397	13.397	0	67.9946621450519	12	0.228776440392883	0.000316062445337648
0.0710725477992685	181.98	190	-30.4	13.397	13.397	0	65.6844079999861	12	0.228776440392883	0.000269640595122712
0.0714872596586315	181.98	190	-30.4	13.397	13.397	0	68.124675179098	12	0.228776440392883	0.000302526724573666
0.0696559631668685	181.98	190	-30.4	13.397	13.397	0	68.2437859801115	12	0.228776440392883	0.00036632248536282
0.0720757939973952	181.98	190	-30.4	13.397	13.397	0	66.8563928372011	12	0.228776440392883	0.000276877856528759
0.071168193435981	181.98	190	-30.4	13.397	13.397	0	70.3028582364556	12	0.228776440392883	0.000355685223119117
0.0705641834256877	181.98	190	-30.4	13.397	13.397	0	70.1675823490308	12	0.228776440392883	0.000376079134789494
0.0683474612569303	181.98	190	-30.4	13.397	13.397	0	66.3874254788372	12	0.228776440392883	0.000379415721971362
0.0716619431788316	181.98	190	-30.4	13.397	13.397	0	67.1401654702973	12	0.228776440392883	0.00028381666967055
0.0702773137451252	181.98	190	-30.4	13.397	13.397	0	66.7911386187783	12	0.228776440392883	0.000307567192592057
0.0710843320326428	181.98	190	-30.4	13.397	13.397	0	69.7332704212013	12	0.228776440392883	0.00034559877766412
0.0717658184494596	181.98	190	-30.4	13.397	13.397	0	67.8570565150931	12	0.228776440392883	0.000293417822822282
0.0714200594364726	181.98	190	-30.4	13.397	13.397	0	69.2485908654639	12	0.228776440392883	0.000325211088171664
0.071739046611933	181.98	190	-30.4	13.397	13.397	0	67.6027289280369	12	0.228776440392883	0.00028983477098913
0.0707932992965471	181.98	190	-30.4	13.397	13.397	0	67.8749561954976	12	0.228776440392883	0.000314667429089872
0.0701857344649732	181.98	190	-30.4	13.397	13.397	0	65.5868730871718	12	0.228776440392883	0.000285881139264254
0.0716764505196362	181.98	190	-30.4	13.397	13.397	0	67.6929017281518	12	0.228776440392883	0.00029209189368332
0.0683149201159995	181.98	190	-30.4	13.397	13.397	0	68.3718426128942	12	0.228776440392883	0.000442740379811862
0.0715968834062717	181.98	190	-30.4	13.397	13.397	0	67.2633969475574	12	0.228776440392883	0.000286498285863502
0.0711231829572257	181.98	190	-30.4	13.397	13.397	0	69.7923930900487	12	0.228776440392883	0.000345621532348027
0.0688749806247653	181.98	190	-30.4	13.397	13.397	0	67.2753996378174	12	0.228776440392883	0.000377617631331654
0.0721282580766782	181.98	190	-30.4	13.397	13.397	0	67.7547084753135	12	0.228776440392883	0.000288124563533063
0.0713823027512147	181.98	190	-30.4	13.397	13.397	0	67.4255551895787	12	0.228776440392883	0.000292459629537066
0.0717811420938806	181.98	190	-30.4	13.397	13.397	0	67.0391068458265	12	0.228776440392883	0.000281108648763185
0.0719339142904966	181.98	190	-30.4	13.397	13.397	0	67.7230750742091	12	0.228776440392883	0.000289373027238456
0.0714100526263607	181.98	190	-30.4	13.397	13.397	0	67.8916428162254	12	0.228776440392883	0.000299948336956349
0.0723362159167595	181.98	190	-30.4	13.397	13.397	0	67.0253377304671	12	0.228776440392883	0.000278448774957268
0.072332797345897	181.98	190	-30.4	13.397	13.397	0	66.6088885803792	12	0.228776440392883	0.000274033782464953
0.0721600714234669	181.98	190	-30.4	13.397	13.397	0	66.657741269603	12	0.228776440392883	0.000274397324609776
0.0712522300284935	181.98	190	-30.4	13.397	13.397	0	67.2850359375445	12	0.228776440392883	0.000292465540398424
0.0702290782068137	181.98	190	-30.4	13.397	13.397	0	68.2485933338726	12	0.228776440392883	0.000342119311083947
0.0695923928418344	181.98	190	-30.4	13.397	13.397	0	68.6221604062281	12	0.228776440392883	0.000379577633203577
0.0718276108949479	181.98	190	-30.4	13.397	13.397	0	66.6774105430561	12	0.228776440392883	0.000275855333240519
0.06815975957772	181.98	190	-30.4	13.397	13.397	0	65.6688365156525	12	0.228776440392883	0.000368377537381183
0.0713726958248361	181.98	190	-30.4	13.397	13.397	0	67.0441352237301	12	0.228776440392883	0.000286341464513325
0.0716587512795482	181.98	190	-30.4	13.397	13.397	0	67.6005909554881	12	0.228776440392883	0.000290889133634629
0.0700545993411856	181.98	190	-30.4	13.397	13.397	0	70.5057524735571	12	0.228776440392883	0.000409338911177203
0.0703378282718868	181.98	190	-30.4	13.397	13.397	0	67.8238733862163	12	0.228776440392883	0.000328188675233018
0.0711275876228349	181.98	190	-30.4	13.397	13.397	0	67.8882464807357	12	0.228776440392883	0.000306064108052214
0.0708405926869783	181.98	190	-30.4	13.397	13.397	0	69.2243759457897	12	0.228776440392883	0.000342433475218958
0.071513608784436	181.98	190	-30.4	13.397	13.397	0	69.9114635100947	12	0.228776440392883	0.000336161558486965
0.071683795117023	181.98	190	-30.4	13.397	13.397	0	67.1988352322728	12	0.228776440392883	0.000284429449890896
0.0712101819734469	181.98	190	-30.4	13.397	13.397	0	70.6483628653287	12	0.228776440392883	0.000362222876230267
0.071490857555886	181.98	190	-30.4	13.397	13.397	0	66.3216675590919	12	0.228776440392883	0.000273876649500776
0.0711381712326795	181.98	190	-30.4	13.397	13.397	0	67.5338499806792	12	0.228776440392883	0.000299225192292507
0.070697609616059	181.98	190	-30.4	13.397	13.397	0	66.9066292860492	12	0.228776440392883	0.000297978052644115
0.0719510612120677	181.98	190	-30.4	13.397	13.397	0	71.594878317238	12	0.228776440392883	0.000359075909135087
0.071905989838323	181.98	190	-30.4	13.397	13.397	0	68.9990658905789	12	0.228776440392883	0.000309957706294235
0.0706266582410976	181.98	190	-30.4	13.397	13.397	0	70.3445226727821	12	0.228776440392883	0.000377931978711256
0.0720303016551585	181.98	190	-30.4	13.397	13.397	0	67.0058238451757	12	0.228776440392883	0.000278906061358836
0.0710387710774194	181.98	190	-30.4	13.397	13.397	0	66.6057367677931	12	0.228776440392883	0.000284916794371387
0.0709736577459228	181.98	190	-30.4	13.397	13.397	0	67.0923347675932	12	0.228776440392883	0.000294831520509955
0.0723281483316376	181.98	190	-30.4	13.397	13.397	0	68.4504294142911	12	0.228776440392883	0.00029622687770197
0.0705973311045402	181.98	190	-30.4	13.397	13.397	0	66.2735388067628	12	0.228776440392883	0.000288490097070328
0.0713381316934071	181.98	190	-30.4	13.397	13.397	0	65.3002156877156	12	0.228776440392883	0.000261494827303507
0.0701052572721172	181.98	190	-30.4	13.397	13.397	0	67.4923235143306	12	0.228776440392883	0.000328949475081659
0.0716728104795962	181.98	190	-30.4	13.397	13.397	0	67.5222642320658	12	0.228776440392883	0.000289471013975937
0.0721641287707144	181.98	190	-30.4	13.397	13.397	0	67.1936529963563	12	0.228776440392883	0.000280680575939501
0.0711265658945035	181.98	190	-30.4	13.397	13.397	0	67.7784542849309	12	0.228776440392883	0.000304017036623064
0.0716638791593123	181.98	190	-30.4	13.397	13.397	0	67.7134152468824	12	0.228776440392883	0.000292600109048981
0.0717742663870707	181.98	190	-30.4	13.397	13.397	0	70.96382532952	12	0.228776440392883	0.0003507810477826
0.0707147974793127	181.98	190	-30.4	13.397	13.397	0	66.8265306945112	12	0.228776440392883	0.000296010090138185
0.071196592738372	181.98	190	-30.4	13.397	13.397	0	69.6882118296695	12	0.228776440392883	0.000340918340993106
0.0718705419591143	181.98	190	-30.4	13.397	13.397	0	66.9410749189048	12	0.228776440392883	0.000279032629827129
0.0718566971834415	181.98	190	-30.4	13.397	13.397	0	67.4376935729062	12	0.228776440392883	0.000286032773930711
0.0714578810424854	181.98	190	-30.4	13.397	13.397	0	66.4678101392708	12	0.228776440392883	0.000276329343614803
0.0702514167930232	181.98	190	-30.4	13.397	13.397	0	68.9067355832027	12	0.228776440392883	0.000357343250826052
0.0713714585540695	181.98	190	-30.4	13.397	13.397	0	66.9123117516582	12	0.228776440392883	0.000284252213073627
0.0699055943620011	181.98	190	-30.4	13.397	13.397	0	68.7219904886813	12	0.228776440392883	0.000367584441984416
0.0714256325678336	181.98	190	-30.4	13.397	13.397	0	68.0749196237069	12	0.228776440392883	0.000302877902663968
0.0720183846122533	181.98	190	-30.4	13.397	13.397	0	68.0029874417368	12	0.228776440392883	0.000292586337342105
0.071454765430919	181.98	190	-30.4	13.397	13.397	0	72.6860792129015	12	0.228776440392883	0.000402673965842722
0.0687326953353045	181.98	190	-30.4	13.397	13.397	0	70.3088737250827	12	0.228776440392883	0.000480696173886185
0.0720606272620924	181.98	190	-30.4	13.397	13.397	0	71.0040060782342	12	0.228776440392883	0.000343854977558063
0.0702969343620788	181.98	190	-30.4	13.397	13.397	0	68.2652538814758	12	0.228776440392883	0.000339919178127159
0.0711669180892103	181.98	190	-30.4	13.397	13.397	0	73.3833600528627	12	0.228776440392883	0.000434634378080623
0.0714076558266147	181.98	190	-30.4	13.397	13.397	0	68.6278465997533	12	0.228776440392883	0.000313433590832779
0.0710668211262689	181.98	190	-30.4	13.397	13.397	0	68.0038940982031	12	0.228776440392883	0.000309793831779422
0.0722955316862229	181.98	190	-30.4	13.397	13.397	0	67.6275960075849	12	0.228776440392883	0.000285575001131862
0.0711673870418399	181.98	190	-30.4	13.397	13.397	0	66.5452124231234	12	0.228776440392883	0.000281624021091488
0.0702342517059036	181.98	190	-30.4	13.397	13.397	0	68.2102785231667	12	0.228776440392883	0.000341003090996177
0.0714398837743438	181.98	190	-30.4	13.397	13.397	0	70.015242544747	12	0.228776440392883	0.000340474595781305
0.0721274424561745	181.98	190	-30.4	13.397	13.397	0	68.4845024139948	12	0.228776440392883	0.000298559810306839
0.0712738715045451	181.98	190	-30.4	13.397	13.397	0	68.9618774154648	12	0.228776440392883	0.00032335372637987
0.0703150257381197	181.98	190	-30.4	13.397	13.397	0	69.7652346778468	12	0.228776440392883	0.000376576003101684
0.0694350324546247	181.98	190	-30.4	13.397	13.397	0	66.4230058386758	12	0.228776440392883	0.00032939731088372
0.0720618859547865	181.98	190	-30.4	13.397	13.397	0	68.5606560924819	12	0.228776440392883	0.000300489168792123
0.0716881590128371	181.98	190	-30.4	13.397	13.397	0	67.1546518485692	12	0.228776440392883	0.000283726908061661
0.0692230737681346	181.98	190	-30.4	13.397	13.397	0	66.5209368581546	12	0.228776440392883	0.000340754681977241
0.0719550368938761	181.98	190	-30.4	13.397	13.397	0	67.4106574859467	12	0.228776440392883	0.000284748896457541
0.0715218001422331	181.98	190	-30.4	13.397	13.397	0	68.0301692970261	12	0.228776440392883	0.000300219607078812
0.0720468135354398	181.98	190	-30.4	13.397	13.397	0	68.0294972389351	12	0.228776440392883	0.000292684762464762
0.0717031722608377	181.98	190	-30.4	13.397	13.397	0	69.0186931490962	12	0.228776440392883	0.000314162179434066
0.071141592246153	181.98	190	-30.4	13.397	13.397	0	69.7970038602795	12	0.228776440392883	0.000345111394203639
0.0700795318445711	181.98	190	-30.4	13.397	13.397	0	68.9603250986327	12	0.228776440392883	0.000366052540373788
0.0720022880501762	181.98	190	-30.4	13.397	13.397	0	68.5172909719436	12	0.228776440392883	0.000300579839181292
0.0713827440411467	181.98	190	-30.4	13.397	13.397	0	66.2938024783839	12	0.228776440392883	0.000274677348743709
0.0712163089822083	181.98	190	-30.4	13.397	13.397	0	68.7138710324619	12	0.228776440392883	0.00031991460388353
0.0718018986799585	181.98	190	-30.4	13.397	13.397	0	67.5015835884275	12	0.228776440392883	0.000287551127840721
0.0712487725515054	181.98	190	-30.4	13.397	13.397	0	69.5210899395942	12	0.228776440392883	0.000335688095156765
0.0713840456009334	181.98	190	-30.4	13.397	13.397	0	69.7046681894808	12	0.228776440392883	0.000335557114238816
0.0713970208906068	181.98	190	-30.4	13.397	13.397	0	69.4114433611006	12	0.228776440392883	0.000329120789109495
0.0709690700304422	181.98	190	-30.4	13.397	13.397	0	67.8697882390753	12	0.228776440392883	0.000309701132814843
0.0720048849355742	181.98	190	-30.4	13.397	13.397	0	66.768710083417	12	0.228776440392883	0.000276070118814633
0.070979870687746	181.98	190	-30.4	13.397	13.397	0	68.9575210226963	12	0.228776440392883	0.000331887330147877
0.0712597895609353	181.98	190	-30.4	13.397	13.397	0	66.9277897417693	12	0.228776440392883	0.000286313509875659
0.0702253450199974	181.98	190	-30.4	13.397	13.397	0	67.3509797644754	12	0.228776440392883	0.000321446715056705
0.0715619526256963	181.98	190	-30.4	13.397	13.397	0	67.9440349195084	12	0.228776440392883	0.000298024434321321
0.0716719802116446	181.98	190	-30.4	13.397	13.397	0	67.7617020811771	12	0.228776440392883	0.000293250408028432
0.0717459236613058	181.98	190	-30.4	13.397	13.397	0	66.1930931618862	12	0.228776440392883	0.000270168291436181
0.071797591100425	181.98	190	-30.4	13.397	13.397	0	69.8778005811084	12	0.228776440392883	0.000328152192155777
0.072292020550775	181.98	190	-30.4	13.397	13.397	0	68.4939651301981	12	0.228776440392883	0.000297118226705361
0.0714958556578972	181.98	190	-30.4	13.397	13.397	0	67.798040431459	12	0.228776440392883	0.000296724440255267
0.0720566358883986	181.98	190	-30.4	13.397	13.397	0	68.0730392778221	12	0.228776440392883	0.000293220343889755
0.0713059538930245	181.98	190	-30.4	13.397	13.397	0	67.3251499088252	12	0.228776440392883	0.000292143665841182
0.0717373682101985	181.98	190	-30.4	13.397	13.397	0	68.3609090141338	12	0.228776440392883	0.000302026247664639
0.0716964435172584	181.98	190	-30.4	13.397	13.397	0	67.9795536479331	12	0.228776440392883	0.000296389658857713
0.0707505762030232	181.98	190	-30.4	13.397	13.397	0	67.3276617145291	12	0.228776440392883	0.000304809252259539
0.0700988273061892	181.98	190	-30.4	13.397	13.397	0	66.6475700547795	12	0.228776440392883	0.000310198864728324
0.0718339505717532	181.98	190	-30.4	13.397	13.397	0	66.8628483001331	12	0.228776440392883	0.000278257291705616
0.0719660861092636	181.98	190	-30.4	13.397	13.397	0	68.7683877196948	12	0.228776440392883	0.000305120997685431
0.071891712876993	181.98	190	-30.4	13.397	13.397	0	66.9288001832477	12	0.228776440392883	0.000278721240932587
0.070470734849481	181.98	190	-30.4	13.397	13.397	0	66.9013198683185	12	0.228776440392883	0.000304054308600652
0.0691344318094847	181.98	190	-30.4	13.397	13.397	0	66.9950300989018	12	0.228776440392883	0.000357180139325267
0.0712036549737915	181.98	190	-30.4	13.397	13.397	0	69.8810548876835	12	0.228776440392883	0.000344937823846527
0.071474549246045	181.98	190	-30.4	13.397	13.397	0	69.3330000451487	12	0.228776440392883	0.000325472326397091
0.0722306902738344	181.98	190	-30.4	13.397	13.397	0	67.2944627582269	12	0.228776440392883	0.00028169488201952
0.0718636354322221	181.98	190	-30.4	13.397	13.397	0	67.5776861217217	12	0.228776440392883	0.000287990543352099
0.071380493492399	181.98	190	-30.4	13.397	13.397	0	67.7489569113066	12	0.228776440392883	0.000298030155736727
0.0701153478689523	181.98	190	-30.4	13.397	13.397	0	68.2487114248621	12	0.228776440392883	0.00034660947313549
0.0711490327291822	181.98	190	-30.4	13.397	13.397	0	69.8162984167654	12	0.228776440392883	0.000345295321057835
0.0701841598059291	181.98	190	-30.4	13.397	13.397	0	67.0875701770741	12	0.228776440392883	0.000316993252927848
0.0701139282993753	181.98	190	-30.4	13.397	13.397	0	68.3505469193288	12	0.228776440392883	0.000349171715621664
0.0699308276067444	181.98	190	-30.4	13.397	13.397	0	67.295531458469	12	0.228776440392883	0.000330874891743119
0.0717366867572023	181.98	190	-30.4	13.397	13.397	0	67.6743348240351	12	0.228776440392883	0.000290967709829299
0.0687568701597541	181.98	190	-30.4	13.397	13.397	0	65.7493489104077	12	0.228776440392883	0.000341512047395791
0.0718067956521564	181.98	190	-30.4	13.397	13.397	0	71.6629825646688	12	0.228776440392883	0.000365017011411205
0.0717059908744299	181.98	190	-30.4	13.397	13.397	0	67.6873464863927	12	0.228776440392883	0.000291587171627123
0.0715261697876844	181.98	190	-30.4	13.397	13.397	0	66.4299556094296	12	0.228776440392883	0.000275039941463004
0.069671975912913	181.98	190	-30.4	13.397	13.397	0	69.9998492730852	12	0.228776440392883	0.000414770761572532
0.0690446864971079	181.98	190	-30.4	13.397	13.397	0	66.7294825991956	12	0.228776440392883	0.000354257396923379
0.0722614769032606	181.98	190	-30.4	13.397	13.397	0	68.6727174941444	12	0.228776440392883	0.000299966163706078
0.0703024120932004	181.98	190	-30.4	13.397	13.397	0	69.6142793807657	12	0.228776440392883	0.00037319971869322
0.0708552781735013	181.98	190	-30.4	13.397	13.397	0	67.4048501435521	12	0.228776440392883	0.000303566221654812
0.0700778636340229	181.98	190	-30.4	13.397	13.397	0	66.492603118657	12	0.228776440392883	0.000307533879101759
0.0718723256110626	181.98	190	-30.4	13.397	13.397	0	69.0931102835165	12	0.228776440392883	0.000312183126111211
0.0718376350039167	181.98	190	-30.4	13.397	13.397	0	67.8287832837788	12	0.228776440392883	0.00029204009740087
0.0702711226965136	181.98	190	-30.4	13.397	13.397	0	69.1551024279518	12	0.228776440392883	0.000362770096787448
0.071522005553229	181.98	190	-30.4	13.397	13.397	0	68.2393439931991	12	0.228776440392883	0.000303864455930049
0.0708530583161658	181.98	190	-30.4	13.397	13.397	0	73.2994451309336	12	0.228776440392883	0.000448404695652136
0.0707832181592553	181.98	190	-30.4	13.397	13.397	0	68.8735153963745	12	0.228776440392883	0.000336474285380853
0.0714007355865991	181.98	190	-30.4	13.397	13.397	0	66.6967302398735	12	0.228776440392883	0.000280468190488866
0.0713853601640859	181.98	190	-30.4	13.397	13.397	0	67.6674812235523	12	0.228776440392883	0.00029652378287994
0.0710317204163597	181.98	190	-30.4	13.397	13.397	0	68.294246873306	12	0.228776440392883	0.000316484310116693
0.0721267954448625	181.98	190	-30.4	13.397	13.397	0	67.9412689427554	12	0.228776440392883	0.00029070336099147
0.0712137461679326	181.98	190	-30.4	13.397	13.397	0	68.8826600907558	12	0.228776440392883	0.000323394150105216
0.0717249954955516	181.98	190	-30.4	13.397	13.397	0	67.3803711977577	12	0.228776440392883	0.000286643963396089
0.0715848294659609	181.98	190	-30.4	13.397	13.397	0	68.4358584875305	12	0.228776440392883	0.000306100540038776
0.0711524394881598	181.98	190	-30.4	13.397	13.397	0	66.6747977853248	12	0.228776440392883	0.00028400006059503
0.0703224757972993	181.98	190	-30.4	13.397	13.397	0	68.9912560937181	12	0.228776440392883	0.000356521967264908
0.0717765125727366	181.98	190	-30.4	13.397	13.397	0	66.9304870274114	12	0.228776440392883	0.00027964108695109
0.0711212681492155	181.98	190	-30.4	13.397	13.397	0	66.8504421072705	12	0.228776440392883	0.000287515424144254
0.0713856419111284	181.98	190	-30.4	13.397	13.397	0	66.1581137904763	12	0.228776440392883	0.000272683744155793
0.0718282391835008	181.98	190	-30.4	13.397	13.397	0	67.4658302360599	12	0.228776440392883	0.000286735906058268
0.0708142344691838	181.98	190	-30.4	13.397	13.397	0	66.9421710327408	12	0.228776440392883	0.000295757743670517
0.0713483623372277	181.98	190	-30.4	13.397	13.397	0	68.9144138014315	12	0.228776440392883	0.000320435232107231
0.071576151318106	181.98	190	-30.4	13.397	13.397	0	67.7300887054221	12	0.228776440392883	0.000294224899116021
0.0694082415350279	181.98	190	-30.4	13.397	13.397	0	70.6410848529902	12	0.228776440392883	0.000449300162979579
0.0715134930206406	181.98	190	-30.4	13.397	13.397	0	65.9455550533653	12	0.228776440392883	0.000268539314733165
0.0701037714497765	181.98	190	-30.4	13.397	13.397	0	66.0762558600602	12	0.228776440392883	0.000297955642126342
0.0718783325832313	181.98	190	-30.4	13.397	13.397	0	67.2139085311968	12	0.228776440392883	0.00028267513563939
0.0713709260040372	181.98	190	-30.4	13.397	13.397	0	68.664022881303	12	0.228776440392883	0.000314997008340749
0.0706494108755849	181.98	190	-30.4	13.397	13.397	0	68.5068090463155	12	0.228776440392883	0.000332801487728806
0.0683878265869768	181.98	190	-30.4	13.397	13.397	0	68.6175608731814	12	0.228776440392883	0.000446270308000095
0.070256848049624	181.98	190	-30.4	13.397	13.397	0	66.300695303321	12	0.228776440392883	0.000298030166536708
0.0701575203050802	181.98	190	-30.4	13.397	13.397	0	66.5239937787014	12	0.228776440392883	0.000305661867232997
0.0724519990653611	181.98	190	-30.4	13.397	13.397	0	69.8045630916278	12	0.228776440392883	0.000315112482436702
0.0707500326469129	181.98	190	-30.4	13.397	13.397	0	71.8440092408089	12	0.228776440392883	0.00041223005481548
0.0724374165427384	181.98	190	-30.4	13.397	13.397	0	68.2399941566828	12	0.228776440392883	0.000292771138562927
0.0702752814349296	181.98	190	-30.4	13.397	13.397	0	67.3187362669083	12	0.228776440392883	0.000319028615517541
0.0722791143332546	181.98	190	-30.4	13.397	13.397	0	72.2950637741927	12	0.228776440392883	0.000364575899070662
0.0702308702006543	181.98	190	-30.4	13.397	13.397	0	67.0304935023576	12	0.228776440392883	0.000314184142973622
0.0717268181731327	181.98	190	-30.4	13.397	13.397	0	70.0202948985416	12	0.228776440392883	0.000332667712976227
0.0718919223268365	181.98	190	-30.4	13.397	13.397	0	67.4295047755342	12	0.228776440392883	0.000285572017843964
0.0701018451417321	181.98	190	-30.4	13.397	13.397	0	66.5716665988162	12	0.228776440392883	0.000308458930121628
0.0716330229582528	181.98	190	-30.4	13.397	13.397	0	67.2185063463449	12	0.228776440392883	0.000285341832437016
0.0717913109420408	181.98	190	-30.4	13.397	13.397	0	67.6074758069466	12	0.228776440392883	0.000289255038981461
0.0715414233508305	181.98	190	-30.4	13.397	13.397	0	67.2865310466932	12	0.228776440392883	0.000287633181731831
0.0720132075234698	181.98	190	-30.4	13.397	13.397	0	66.7271915544863	12	0.228776440392883	0.000275531578605974
0.0699451198734759	181.98	190	-30.4	13.397	13.397	0	67.2744483357667	12	0.228776440392883	0.000329832967219628
0.071396557910979	181.98	190	-30.4	13.397	13.397	0	67.6061283882535	12	0.228776440392883	0.000295261321503918
0.0717840281791802	181.98	190	-30.4	13.397	13.397	0	67.5693997934179	12	0.228776440392883	0.000288770061289632
0.0715607633277824	181.98	190	-30.4	13.397	13.397	0	67.0450818322157	12	0.228776440392883	0.000283640666340579
0.0707346255398364	181.98	190	-30.4	13.397	13.397	0	71.8465879841709	12	0.228776440392883	0.000413047047117658
0.0687508515260731	181.98	190	-30.4	13.397	13.397	0	66.115421060817	12	0.228776440392883	0.000351549810884553
0.0720739994444097	181.98	190	-30.4	13.397	13.397	0	67.8078091699295	12	0.228776440392883	0.000289275965629228
0.07107149842634	181.98	190	-30.4	13.397	13.397	0	66.7542714134878	12	0.228776440392883	0.000286822907679416
0.0721318352492243	181.98	190	-30.4	13.397	13.397	0	68.567496083087	12	0.228776440392883	0.000299760921449464
0.0721931538455102	181.98	190	-30.4	13.397	13.397	0	68.4113798221709	12	0.228776440392883	0.000296808935912428
0.0707442660027491	181.98	190	-30.4	13.397	13.397	0	67.0810354450267	12	0.228776440392883	0.000300147430231719
0.068173879226209	181.98	190	-30.4	13.397	13.397	0	68.8005375509216	12	0.228776440392883	0.000465927006227889
0.071870384813362	181.98	190	-30.4	13.397	13.397	0	67.2372647609968	12	0.228776440392883	0.000283067988530382
0.0719089113778205	181.98	190	-30.4	13.397	13.397	0	67.3783164245977	12	0.228776440392883	0.000284695292353962
0.0718611909493924	181.98	190	-30.4	13.397	13.397	0	67.1214683362217	12	0.228776440392883	0.000281546033726884
0.070711273783424	181.98	190	-30.4	13.397	13.397	0	69.0609323993105	12	0.228776440392883	0.000343254816625332
0.0710801609762818	181.98	190	-30.4	13.397	13.397	0	68.5008059996881	12	0.228776440392883	0.000319329575133518
0.0707661929967038	181.98	190	-30.4	13.397	13.397	0	67.0177640667009	12	0.228776440392883	0.000298371348107706
0.0716443651159775	181.98	190	-30.4	13.397	13.397	0	68.7020049150538	12	0.228776440392883	0.000309652034915147
0.0697216872949749	181.98	190	-30.4	13.397	13.397	0	66.1612228384251	12	0.228776440392883	0.000312332451270698
0.0719729306630993	181.98	190	-30.4	13.397	13.397	0	66.6238335710987	12	0.228776440392883	0.000274427300591409
0.071371719248172	181.98	190	-30.4	13.397	13.397	0	71.7617123733942	12	0.228776440392883	0.000382856404710223
0.0710917657366358	181.98	190	-30.4	13.397	13.397	0	67.1982521524865	12	0.228776440392883	0.000294171523785884
0.0710606076391753	181.98	190	-30.4	13.397	13.397	0	67.4208240964033	12	0.228776440392883	0.000298891352099542
0.0702814569602137	181.98	190	-30.4	13.397	13.397	0	67.6753747129273	12	0.228776440392883	0.000326803345485979
0.0717567143018201	181.98	190	-30.4	13.397	13.397	0	69.5381964254549	12	0.228776440392883	0.000322622107743819
0.0717710897004478	181.98	190	-30.4	13.397	13.397	0	68.3449805738325	12	0.228776440392883	0.000301204145807455
0.0711319522551645	181.98	190	-30.4	13.397	13.397	0	68.7875100944614	12	0.228776440392883	0.000323739497279567
0.0718226369298234	181.98	190	-30.4	13.397	13.397	0	68.7123478570962	12	0.228776440392883	0.000306508707375698
0.0715617521469288	181.98	190	-30.4	13.397	13.397	0	68.2450855004154	12	0.228776440392883	0.00030319560709468
0.0697788699790523	181.98	190	-30.4	13.397	13.397	0	66.5207521018814	12	0.228776440392883	0.000318468036118451
0.0708942023477197	181.98	190	-30.4	13.397	13.397	0	67.2223280675011	12	0.228776440392883	0.000299097884867302
0.0701788072141508	181.98	190	-30.4	13.397	13.397	0	67.6081786340692	12	0.228776440392883	0.000328940943712754
0.0708144588889138	181.98	190	-30.4	13.397	13.397	0	69.1896537488456	12	0.228776440392883	0.000342554093123313
0.0706077564368838	181.98	190	-30.4	13.397	13.397	0	70.4254375718392	12	0.228776440392883	0.000380840319034787
0.068534296868554	181.98	190	-30.4	13.397	13.397	0	66.5937284942741	12	0.228776440392883	0.000375621057149742
0.0711165801574351	181.98	190	-30.4	13.397	13.397	0	67.7086668765109	12	0.228776440392883	0.00030294396692447
0.0714768221280455	181.98	190	-30.4	13.397	13.397	0	69.5548325900932	12	0.228776440392883	0.000329865772276095
0.0714964201749977	181.98	190	-30.4	13.397	13.397	0	67.1800729148813	12	0.228776440392883	0.000286613805939567
0.0712307263118899	181.98	190	-30.4	13.397	13.397	0	66.8233173634612	12	0.228776440392883	0.000285092440755193
0.0686829131362046	181.98	190	-30.4	13.397	13.397	0	65.9204913194573	12	0.228776440392883	0.000349499752907586
0.0713863446796403	181.98	190	-30.4	13.397	13.397	0	66.8326506038054	12	0.228776440392883	0.000282774459180211
0.0698314202550824	181.98	190	-30.4	13.397	13.397	0	67.712997098524	12	0.228776440392883	0.000344971940024555
0.0688282329240436	181.98	190	-30.4	13.397	13.397	0	66.8414683876286	12	0.228776440392883	0.000367737824210437
0.0692543546236385	181.98	190	-30.4	13.397	13.397	0	67.4261058662511	12	0.228776440392883	0.000363146421441864
0.0695600075003635	181.98	190	-30.4	13.397	13.397	0	69.2506331167427	12	0.228776440392883	0.000398885789252462
0.0700117650142148	181.98	190	-30.4	13.397	13.397	0	66.839769829969	12	0.228776440392883	0.000317395761994543
0.0714324965108264	181.98	190	-30.4	13.397	13.397	0	66.6559755016094	12	0.228776440392883	0.000279425905435366
0.0714471067657849	181.98	190	-30.4	13.397	13.397	0	68.8066842915962	12	0.228776440392883	0.000315902307683755
0.0714219471245721	181.98	190	-30.4	13.397	13.397	0	68.0223109983101	12	0.228776440392883	0.000302017230896584
0.0708160104495164	181.98	190	-30.4	13.397	13.397	0	68.648632552082	12	0.228776440392883	0.000330403046968631
0.0708299730418678	181.98	190	-30.4	13.397	13.397	0	68.0449968250154	12	0.228776440392883	0.000317112406087637
0.0716262222973358	181.98	190	-30.4	13.397	13.397	0	68.071426927078	12	0.228776440392883	0.000299055266756314
0.0713669010276292	181.98	190	-30.4	13.397	13.397	0	69.154196259439	12	0.228776440392883	0.000324726656481522
0.0722833468834548	181.98	190	-30.4	13.397	13.397	0	67.4477406908305	12	0.228776440392883	0.000283403272235134
0.0715574392001721	181.98	190	-30.4	13.397	13.397	0	66.4054681531273	12	0.228776440392883	0.000274385512521372
0.0683808737581063	181.98	190	-30.4	13.397	13.397	0	66.3884087786794	12	0.228776440392883	0.000377682814504306
0.07133602417534	181.98	190	-30.4	13.397	13.397	0	69.0766103256047	12	0.228776440392883	0.000323991763100165
0.071597490398522	181.98	190	-30.4	13.397	13.397	0	71.9565999027622	12	0.228776440392883	0.000378995655678028
0.0724871978933258	181.98	190	-30.4	13.397	13.397	0	67.2285544784541	12	0.228776440392883	0.000280823187207651
0.0721879685022838	181.98	190	-30.4	13.397	13.397	0	68.4160876034599	12	0.228776440392883	0.000296926769233964
0.0717860480158308	181.98	190	-30.4	13.397	13.397	0	68.0397282630687	12	0.228776440392883	0.000296017616037394
0.0693089991204022	181.98	190	-30.4	13.397	13.397	0	67.608214687682	12	0.228776440392883	0.000365485919892737
0.0694635511303714	181.98	190	-30.4	13.397	13.397	0	66.9538345500345	12	0.228776440392883	0.000341398212542446
0.0716275764145694	181.98	190	-30.4	13.397	13.397	0	67.2848158914239	12	0.228776440392883	0.000286419471396346
0.0727741873185645	181.98	190	-30.4	13.397	13.397	0	73.2101830762644	12	0.228776440392883	0.00037061628353336
0.0712494884193634	181.98	190	-30.4	13.397	13.397	0	66.1208667961548	12	0.228776440392883	0.000273793837507502
0.0717392007991116	181.98	190	-30.4	13.397	13.397	0	67.499199676034	12	0.228776440392883	0.00028825772875311
0.0716764776342438	181.98	190	-30.4	13.397	13.397	0	67.6231117025935	12	0.228776440392883	0.000290992642573456
0.070010969304645	181.98	190	-30.4	13.397	13.397	0	66.6387961416133	12	0.228776440392883	0.000312943261133048
0.0714801520081333	181.98	190	-30.4	13.397	13.397	0	66.2010277219912	12	0.228776440392883	0.000272296921755935
0.0704678481066175	181.98	190	-30.4	13.397	13.397	0	67.3063297399932	12	0.228776440392883	0.000312546131332273
0.0719656545903903	181.98	190	-30.4	13.397	13.397	0	67.8054539786455	12	0.228776440392883	0.000290245701215347
0.0717025581584086	181.98	190	-30.4	13.397	13.397	0	67.3046693877369	12	0.228776440392883	0.000285781269950249
0.0721223782363166	181.98	190	-30.4	13.397	13.397	0	66.1543470479791	12	0.228776440392883	0.000268954900619404
0.0717412060124553	181.98	190	-30.4	13.397	13.397	0	67.9972159538131	12	0.228776440392883	0.000295994150022558
0.0699764273254923	181.98	190	-30.4	13.397	13.397	0	66.6349253151353	12	0.228776440392883	0.000314039546675425
0.0710682919965225	181.98	190	-30.4	13.397	13.397	0	69.4271725032184	12	0.228776440392883	0.000339314143922512
0.0719508816609294	181.98	190	-30.4	13.397	13.397	0	67.43892912554	12	0.228776440392883	0.000285175328546503
0.0719541815902373	181.98	190	-30.4	13.397	13.397	0	67.3155250957801	12	0.228776440392883	0.000283450561654288
0.0720033760382698	181.98	190	-30.4	13.397	13.397	0	72.9867984821137	12	0.228776440392883	0.000388721971242206
0.071303116147175	181.98	190	-30.4	13.397	13.397	0	67.364179407317	12	0.228776440392883	0.000292861739680616
0.0699106890276142	181.98	190	-30.4	13.397	13.397	0	69.0728993463524	12	0.228776440392883	0.000376675784681961
0.0719204220648178	181.98	190	-30.4	13.397	13.397	0	68.924909971627	12	0.228776440392883	0.000308451516487764
0.0710578289763916	181.98	190	-30.4	13.397	13.397	0	70.8878783648919	12	0.228776440392883	0.000373756250537331
0.0710445923333658	181.98	190	-30.4	13.397	13.397	0	69.0662531811554	12	0.228776440392883	0.000332207695982224
0.0713470283212098	181.98	190	-30.4	13.397	13.397	0	67.1509331569605	12	0.228776440392883	0.000288502796693972
0.0698879416915647	181.98	190	-30.4	13.397	13.397	0	66.5597846055554	12	0.228776440392883	0.000315440610268526
0.0691438706591513	181.98	190	-30.4	13.397	13.397	0	65.5510896133515	12	0.228776440392883	0.000319927584194701
0.070361129726772	181.98	190	-30.4	13.397	13.397	0	65.5731126957834	12	0.228776440392883	0.000281205077289364
0.0712557586812167	181.98	190	-30.4	13.397	13.397	0	69.4663598779175	12	0.228776440392883	0.000334314391002756
0.0713761939074563	181.98	190	-30.4	13.397	13.397	0	68.0358452509005	12	0.228776440392883	0.00030319898871819
0.0714363728229728	181.98	190	-30.4	13.397	13.397	0	67.4507987783133	12	0.228776440392883	0.000291941238637514
0.0713091892568931	181.98	190	-30.4	13.397	13.397	0	69.421461773825	12	0.228776440392883	0.000331801094137185
0.0700291153181381	181.98	190	-30.4	13.397	13.397	0	67.2914709531432	12	0.228776440392883	0.000327091318586906
0.0722902535257285	181.98	190	-30.4	13.397	13.397	0	68.3732703505745	12	0.228776440392883	0.00029543753171731
0.0717652542051592	181.98	190	-30.4	13.397	13.397	0	69.1880196893797	12	0.228776440392883	0.000315957275519426
0.0718881564498222	181.98	190	-30.4	13.397	13.397	0	68.1339977703445	12	0.228776440392883	0.000296094714323469
0.0719718568411277	181.98	190	-30.4	13.397	13.397	0	68.3900853514696	12	0.228776440392883	0.000298988331809462
0.0690720994231765	181.98	190	-30.4	13.397	13.397	0	66.9808340003083	12	0.228776440392883	0.000359733557312721
0.0717116951880702	181.98	190	-30.4	13.397	13.397	0	67.1397974480743	12	0.228776440392883	0.000283246754653703
0.0720509189721171	181.98	190	-30.4	13.397	13.397	0	68.8847846612579	12	0.228776440392883	0.000305762556307854
0.0710052982607779	181.98	190	-30.4	13.397	13.397	0	69.8866669207778	12	0.228776440392883	0.000351838790278907
0.0700244793361842	181.98	190	-30.4	13.397	13.397	0	70.9490468041987	12	0.228776440392883	0.000423766317425527
0.0713712570038241	181.98	190	-30.4	13.397	13.397	0	68.4552266522054	12	0.228776440392883	0.000311023647753944
0.0696624003688513	181.98	190	-30.4	13.397	13.397	0	68.139731883326	12	0.228776440392883	0.000363269154062773
0.0712892286739162	181.98	190	-30.4	13.397	13.397	0	68.8787560008571	12	0.228776440392883	0.000321271727175647
0.0706134020216722	181.98	190	-30.4	13.397	13.397	0	68.2439141933057	12	0.228776440392883	0.000328158127342642
0.0716604680973019	181.98	190	-30.4	13.397	13.397	0	66.7362697724174	12	0.228776440392883	0.000278009026387273
0.0700054559383843	181.98	190	-30.4	13.397	13.397	0	67.8076178088835	12	0.228776440392883	0.000340243829040413
0.0707901138892561	181.98	190	-30.4	13.397	13.397	0	69.4781142938493	12	0.228776440392883	0.000350106004292219
0.0699302780668089	181.98	190	-30.4	13.397	13.397	0	67.137245960479	12	0.228776440392883	0.000327169329409818
0.0717079403455545	181.98	190	-30.4	13.397	13.397	0	68.146439008627	12	0.228776440392883	0.000298942231934451
0.0695817260285877	181.98	190	-30.4	13.397	13.397	0	67.4171153410039	12	0.228776440392883	0.000348087254423473
0.0717625947460093	181.98	190	-30.4	13.397	13.397	0	67.3852477514853	12	0.228776440392883	0.000286277664336895
0.0700823269493279	181.98	190	-30.4	13.397	13.397	0	67.303029168082	12	0.228776440392883	0.000325414303964311
0.0716069364382637	181.98	190	-30.4	13.397	13.397	0	69.5443314243887	12	0.228776440392883	0.000326285243692634
0.0716322031001582	181.98	190	-30.4	13.397	13.397	0	68.5739772201498	12	0.228776440392883	0.000307614988090343
