0.0716437196724946	181.98	190	-30.4	13.397	13.397	0	65.2792544454807	12	0.228776440392883	0.000259768820174793
0.0716174500699543	181.98	190	-30.4	13.397	13.397	0	65.3015955872531	12	0.228776440392883	0.000260085009396571
0.0714275485676242	181.98	190	-30.4	13.397	13.397	0	64.9653358857207	12	0.228776440392883	0.000256886329745669
0.0715439148611446	181.98	190	-30.4	13.397	13.397	0	65.2485095695597	12	0.228776440392883	0.000259715989500303
0.0719799365147501	181.98	190	-30.4	13.397	13.397	0	65.4081257409429	12	0.228776440392883	0.000261211636253596
0.0721176295254949	181.98	190	-30.4	13.397	13.397	0	65.2106720493038	12	0.228776440392883	0.000260076759169884
0.0713601154727285	181.98	190	-30.4	13.397	13.397	0	65.4005991612802	12	0.228776440392883	0.000262619683023688
0.0719313813928331	181.98	190	-30.4	13.397	13.397	0	66.0977790270144	12	0.228776440392883	0.000268378988270039
0.0717033421444511	181.98	190	-30.4	13.397	13.397	0	65.2047787086139	12	0.228776440392883	0.000258868316436925
0.0713562266933068	181.98	190	-30.4	13.397	13.397	0	65.0943356171311	12	0.228776440392883	0.000258791366397499
0.0714057742593955	181.98	190	-30.4	13.397	13.397	0	65.1205485016439	12	0.228776440392883	0.000258828773489686
0.0720698739350543	181.98	190	-30.4	13.397	13.397	0	65.2301924859479	12	0.228776440392883	0.000259960386951361
0.0712879911044705	181.98	190	-30.4	13.397	13.397	0	65.2165275464768	12	0.228776440392883	0.000260800765745436
0.0719226778390687	181.98	190	-30.4	13.397	13.397	0	65.2893169402185	12	0.228776440392883	0.000259915190882191
0.0718882744841204	181.98	190	-30.4	13.397	13.397	0	65.2980709713886	12	0.228776440392883	0.00025992437140796
0.0715473881932663	181.98	190	-30.4	13.397	13.397	0	65.1879385609031	12	0.228776440392883	0.00025900558351535
0.0719442983735956	181.98	190	-30.4	13.397	13.397	0	65.0119048130147	12	0.228776440392883	0.000257416318279332
0.0716660873364274	181.98	190	-30.4	13.397	13.397	0	65.2282823704853	12	0.228776440392883	0.000259165330841139
0.0714886713454414	181.98	190	-30.4	13.397	13.397	0	65.3090595446948	12	0.228776440392883	0.000260671515303905
0.0714133794292455	181.98	190	-30.4	13.397	13.397	0	65.3589182212712	12	0.228776440392883	0.000261715090416259
0.0715773048734452	181.98	190	-30.4	13.397	13.397	0	65.1529765125652	12	0.228776440392883	0.000258519518994992
0.0718301379617064	181.98	190	-30.4	13.397	13.397	0	65.7835549103071	12	0.228776440392883	0.000265024031274861
0.0711629944626864	181.98	190	-30.4	13.397	13.397	0	65.2605251528332	12	0.228776440392883	0.000262499615476531
0.0718615116107882	181.98	190	-30.4	13.397	13.397	0	65.6344883512675	12	0.228776440392883	0.000263359735971475
0.0716515786498599	181.98	190	-30.4	13.397	13.397	0	65.7572554484662	12	0.228776440392883	0.000265289366847456
0.0720623081451586	181.98	190	-30.4	13.397	13.397	0	65.1076145784009	12	0.228776440392883	0.000258864167075558
0.0714775930870252	181.98	190	-30.4	13.397	13.397	0	65.1865945230854	12	0.228776440392883	0.000259263977428933
0.0712861786710313	181.98	190	-30.4	13.397	13.397	0	65.2613755328966	12	0.228776440392883	0.000261395711046108
0.0712899330079335	181.98	190	-30.4	13.397	13.397	0	65.2096212249362	12	0.228776440392883	0.000260696735785595
0.0720475008552449	181.98	190	-30.4	13.397	13.397	0	66.0786851481921	12	0.228776440392883	0.00026809551949685
0.0714555220306399	181.98	190	-30.4	13.397	13.397	0	65.1558747527475	12	0.228776440392883	0.000259001621286686
0.0716111663027139	181.98	190	-30.4	13.397	13.397	0	65.7334817595948	12	0.228776440392883	0.00026519887035549
0.0717104030879859	181.98	190	-30.4	13.397	13.397	0	65.2265063064337	12	0.228776440392883	0.000259094159700322
0.0716069591001112	181.98	190	-30.4	13.397	13.397	0	65.0620926574358	12	0.228776440392883	0.000257451885596762
0.0714882225148084	181.98	190	-30.4	13.397	13.397	0	65.1109596361	12	0.228776440392883	0.000258333030330788
0.071441792758042	181.98	190	-30.4	13.397	13.397	0	64.9250247408885	12	0.228776440392883	0.000256364924164798
0.0714436528551947	181.98	190	-30.4	13.397	13.397	0	65.1632383832848	12	0.228776440392883	0.000259146670093186
0.0715507625626086	181.98	190	-30.4	13.397	13.397	0	65.2599906951731	12	0.228776440392883	0.000259823732407109
0.0714175303732056	181.98	190	-30.4	13.397	13.397	0	65.2750692039137	12	0.228776440392883	0.000260647235047896
0.0717382611369037	181.98	190	-30.4	13.397	13.397	0	65.2432732793023	12	0.228776440392883	0.000259255190587315
0.0714534099524499	181.98	190	-30.4	13.397	13.397	0	65.1540312544541	12	0.228776440392883	0.00025898969106677
0.0716200004061781	181.98	190	-30.4	13.397	13.397	0	65.2488390709501	12	0.228776440392883	0.000259484682698023
0.0712816095013246	181.98	190	-30.4	13.397	13.397	0	65.3325616131506	12	0.228776440392883	0.000262364839711509
0.0715883849877921	181.98	190	-30.4	13.397	13.397	0	65.6354681030421	12	0.228776440392883	0.000264119080101271
0.0719810343459044	181.98	190	-30.4	13.397	13.397	0	65.2839708178264	12	0.228776440392883	0.000260043163972015
0.0714364808345133	181.98	190	-30.4	13.397	13.397	0	65.1106467834406	12	0.228776440392883	0.000258554650489943
0.0717171942009477	181.98	190	-30.4	13.397	13.397	0	65.2585829979474	12	0.228776440392883	0.000259430893210637
0.0720435375719757	181.98	190	-30.4	13.397	13.397	0	65.9184763624231	12	0.228776440392883	0.000266416077701162
0.0713639009727073	181.98	190	-30.4	13.397	13.397	0	65.0347438486387	12	0.228776440392883	0.000258020087387886
0.0714543728104053	181.98	190	-30.4	13.397	13.397	0	65.1339820092728	12	0.228776440392883	0.000258747381769336
0.0717358281645265	181.98	190	-30.4	13.397	13.397	0	64.9742043197652	12	0.228776440392883	0.000256493401008218
0.0714074339574077	181.98	190	-30.4	13.397	13.397	0	65.2038116559598	12	0.228776440392883	0.000259831337367345
0.0714419231835204	181.98	190	-30.4	13.397	13.397	0	65.266780299997	12	0.228776440392883	0.000260405377300198
0.0719402637116368	181.98	190	-30.4	13.397	13.397	0	65.2021804513543	12	0.228776440392883	0.000259139376691255
0.0716387425516306	181.98	190	-30.4	13.397	13.397	0	65.2871459445396	12	0.228776440392883	0.000259868118442425
0.0714522454464178	181.98	190	-30.4	13.397	13.397	0	65.4294141648668	12	0.228776440392883	0.000262348932531954
0.071881687896476	181.98	190	-30.4	13.397	13.397	0	65.4094685543378	12	0.228776440392883	0.000261025825882646
0.0716320757535702	181.98	190	-30.4	13.397	13.397	0	65.4601163124167	12	0.228776440392883	0.000261853786607879
0.071553093464502	181.98	190	-30.4	13.397	13.397	0	65.1474046198518	12	0.228776440392883	0.000258525513087762
0.071215745723264	181.98	190	-30.4	13.397	13.397	0	65.0506834599765	12	0.228776440392883	0.000259232783145631
0.0713083614468196	181.98	190	-30.4	13.397	13.397	0	65.2136326477231	12	0.228776440392883	0.000260608448416973
0.0719532757990449	181.98	190	-30.4	13.397	13.397	0	65.0301820364045	12	0.228776440392883	0.000257619366243474
0.0719882467585711	181.98	190	-30.4	13.397	13.397	0	65.5172278243661	12	0.228776440392883	0.000262288623650827
0.071909299749007	181.98	190	-30.4	13.397	13.397	0	65.3765087153854	12	0.228776440392883	0.000260737409377215
0.0711244131771906	181.98	190	-30.4	13.397	13.397	0	65.8102698548873	12	0.228776440392883	0.000270818852510943
0.0713909494403424	181.98	190	-30.4	13.397	13.397	0	65.4216008586434	12	0.228776440392883	0.000262661408038221
0.0713440698620618	181.98	190	-30.4	13.397	13.397	0	65.2674684688386	12	0.228776440392883	0.000261033987923453
0.071945296960935	181.98	190	-30.4	13.397	13.397	0	65.0329390048544	12	0.228776440392883	0.000257608785934742
0.0711752969863206	181.98	190	-30.4	13.397	13.397	0	65.257920337673	12	0.228776440392883	0.000262341889346328
0.0718589244144134	181.98	190	-30.4	13.397	13.397	0	65.1320910521055	12	0.228776440392883	0.000258245721500563
0.0716848017593734	181.98	190	-30.4	13.397	13.397	0	65.3769563239869	12	0.228776440392883	0.000260767853683355
0.0712437812043185	181.98	190	-30.4	13.397	13.397	0	65.1206152364484	12	0.228776440392883	0.000259911484253962
0.0713711786029325	181.98	190	-30.4	13.397	13.397	0	65.0932965127182	12	0.228776440392883	0.000258690459083569
0.0716173472928102	181.98	190	-30.4	13.397	13.397	0	65.2206156180935	12	0.228776440392883	0.000259175835950012
0.0717970976355759	181.98	190	-30.4	13.397	13.397	0	65.3577317241849	12	0.228776440392883	0.000260444878663616
0.0715175788019338	181.98	190	-30.4	13.397	13.397	0	64.9815237852017	12	0.228776440392883	0.000256760547806978
0.0714238684516725	181.98	190	-30.4	13.397	13.397	0	65.1043657449496	12	0.228776440392883	0.000258541279855643
0.0714823808456252	181.98	190	-30.4	13.397	13.397	0	65.1179319465085	12	0.228776440392883	0.000258437441881526
0.0717528072655729	181.98	190	-30.4	13.397	13.397	0	65.3139162359313	12	0.228776440392883	0.000259995435124447
0.07154839543165	181.98	190	-30.4	13.397	13.397	0	65.6942879256945	12	0.228776440392883	0.000265066206190724
0.0719619981785023	181.98	190	-30.4	13.397	13.397	0	65.3610223054832	12	0.228776440392883	0.000260709360221448
0.07157934457892	181.98	190	-30.4	13.397	13.397	0	65.265454997614	12	0.228776440392883	0.000259788056206925
0.0714660563198144	181.98	190	-30.4	13.397	13.397	0	65.014057610267	12	0.228776440392883	0.000257297602305192
0.0712974802869315	181.98	190	-30.4	13.397	13.397	0	65.0952717538885	12	0.228776440392883	0.000259185408445151
0.0717608887770398	181.98	190	-30.4	13.397	13.397	0	65.2762910434008	12	0.228776440392883	0.00025959554176319
0.07142401434133	181.98	190	-30.4	13.397	13.397	0	65.6989785147509	12	0.228776440392883	0.000266006518793699
0.0715963567421502	181.98	190	-30.4	13.397	13.397	0	65.1187598921045	12	0.228776440392883	0.000258092900546093
0.0713354747326621	181.98	190	-30.4	13.397	13.397	0	64.9814449200446	12	0.228776440392883	0.000257534688607448
0.0719207559487898	181.98	190	-30.4	13.397	13.397	0	65.3916869671762	12	0.228776440392883	0.000260908937680972
0.0719804052021539	181.98	190	-30.4	13.397	13.397	0	65.2687285585076	12	0.228776440392883	0.000259899284444899
0.0716679802079046	181.98	190	-30.4	13.397	13.397	0	65.2547047522345	12	0.228776440392883	0.000259450858923203
0.0715325889439339	181.98	190	-30.4	13.397	13.397	0	65.7227953529215	12	0.228776440392883	0.000265523243489649
0.0713812270652383	181.98	190	-30.4	13.397	13.397	0	65.070265954864	12	0.228776440392883	0.000258354186077653
0.0713324057662342	181.98	190	-30.4	13.397	13.397	0	65.0127916855174	12	0.228776440392883	0.000257934940884049
0.0712345934005158	181.98	190	-30.4	13.397	13.397	0	65.0471579828982	12	0.228776440392883	0.000259037988946016
0.0711772873792751	181.98	190	-30.4	13.397	13.397	0	65.2799330081337	12	0.228776440392883	0.000262621412331251
0.0717323977307065	181.98	190	-30.4	13.397	13.397	0	65.234738599282	12	0.228776440392883	0.000259167707377485
0.0714328657280051	181.98	190	-30.4	13.397	13.397	0	65.0359343214776	12	0.228776440392883	0.000257688548758253
0.0714319360315166	181.98	190	-30.4	13.397	13.397	0	65.2317309453718	12	0.228776440392883	0.000260033855015293
0.0715103290181079	181.98	190	-30.4	13.397	13.397	0	65.0197655300494	12	0.228776440392883	0.000257211331176768
0.0714668522931505	181.98	190	-30.4	13.397	13.397	0	65.2120784778296	12	0.228776440392883	0.000259616793705434
0.0712585923623309	181.98	190	-30.4	13.397	13.397	0	65.7145194560383	12	0.228776440392883	0.000267790465205628
0.0720466407350167	181.98	190	-30.4	13.397	13.397	0	65.2230487944111	12	0.228776440392883	0.000259775485565565
0.0715024425765823	181.98	190	-30.4	13.397	13.397	0	65.0341992016481	12	0.228776440392883	0.000257399917451599
0.0716720870801066	181.98	190	-30.4	13.397	13.397	0	65.2819934143675	12	0.228776440392883	0.00025974299821486
0.0715407321098157	181.98	190	-30.4	13.397	13.397	0	65.3201974533546	12	0.228776440392883	0.000260566014276006
0.0717022509733334	181.98	190	-30.4	13.397	13.397	0	65.5904766824326	12	0.228776440392883	0.00026313498312254
0.0719238977450206	181.98	190	-30.4	13.397	13.397	0	65.4351499399952	12	0.228776440392883	0.000261345083730088
0.0713372909906324	181.98	190	-30.4	13.397	13.397	0	64.9954847069976	12	0.228776440392883	0.000257694934117151
0.0713491218892818	181.98	190	-30.4	13.397	13.397	0	65.0193367962348	12	0.228776440392883	0.000257916776919376
0.0721987241477678	181.98	190	-30.4	13.397	13.397	0	65.2209421075065	12	0.228776440392883	0.000260737215851161
0.0714874630313619	181.98	190	-30.4	13.397	13.397	0	64.8061825193938	12	0.228776440392883	0.000254894777408005
0.0714129303237313	181.98	190	-30.4	13.397	13.397	0	65.0996698302788	12	0.228776440392883	0.000258540208684701
0.0713496009072416	181.98	190	-30.4	13.397	13.397	0	65.0871924918424	12	0.228776440392883	0.000258743740200034
0.0717210633302637	181.98	190	-30.4	13.397	13.397	0	65.140068849577	12	0.228776440392883	0.000258178531208787
0.0715418072924143	181.98	190	-30.4	13.397	13.397	0	65.1942852823451	12	0.228776440392883	0.000259097434673477
0.0712630793233933	181.98	190	-30.4	13.397	13.397	0	65.3307000642614	12	0.228776440392883	0.000262500579995579
0.0716997249288438	181.98	190	-30.4	13.397	13.397	0	65.195469279999	12	0.228776440392883	0.000258772083657559
0.0717932827648626	181.98	190	-30.4	13.397	13.397	0	65.1865288074062	12	0.228776440392883	0.000258681117613553
0.0717234039501897	181.98	190	-30.4	13.397	13.397	0	65.2634931323794	12	0.228776440392883	0.000259478287608821
0.0715189599529828	181.98	190	-30.4	13.397	13.397	0	65.2904063547179	12	0.228776440392883	0.000260307623641541
0.071358030856359	181.98	190	-30.4	13.397	13.397	0	65.0658163146855	12	0.228776440392883	0.00025843148276915
0.0717154879383751	181.98	190	-30.4	13.397	13.397	0	65.5841915935406	12	0.228776440392883	0.000263026631940961
0.0718810268815185	181.98	190	-30.4	13.397	13.397	0	65.2836157897337	12	0.228776440392883	0.000259768536539211
0.0709927696247352	181.98	190	-30.4	13.397	13.397	0	65.1017935639919	12	0.228776440392883	0.000262159534354086
0.0711583703855998	181.98	190	-30.4	13.397	13.397	0	64.9319298716836	12	0.228776440392883	0.000258166432153146
0.071457889206942	181.98	190	-30.4	13.397	13.397	0	65.2355091814646	12	0.228776440392883	0.000259942000088857
0.0716898616576576	181.98	190	-30.4	13.397	13.397	0	65.2849083449546	12	0.228776440392883	0.000259746421798668
0.0717142444373735	181.98	190	-30.4	13.397	13.397	0	65.2478191941011	12	0.228776440392883	0.000259318390016486
0.0718458466714587	181.98	190	-30.4	13.397	13.397	0	65.3751111478017	12	0.228776440392883	0.000260642222056332
0.0714051153129557	181.98	190	-30.4	13.397	13.397	0	65.0406967637486	12	0.228776440392883	0.000257874959377416
0.0711591914816102	181.98	190	-30.4	13.397	13.397	0	65.287078091218	12	0.228776440392883	0.000262901468067296
0.0716106062879718	181.98	190	-30.4	13.397	13.397	0	64.9868985411804	12	0.228776440392883	0.000256636281375863
0.0715313795416511	181.98	190	-30.4	13.397	13.397	0	65.669858419485	12	0.228776440392883	0.000264864277829006
0.0715165841677557	181.98	190	-30.4	13.397	13.397	0	65.060661232814	12	0.228776440392883	0.000257654907641508
0.0718321658573268	181.98	190	-30.4	13.397	13.397	0	65.2635311112853	12	0.228776440392883	0.00025949658618351
0.0711323948288227	181.98	190	-30.4	13.397	13.397	0	65.0820454128143	12	0.228776440392883	0.00026038349699743
0.0713820512439912	181.98	190	-30.4	13.397	13.397	0	65.1122922308811	12	0.228776440392883	0.000258859630749631
0.0713716744127668	181.98	190	-30.4	13.397	13.397	0	65.1007051427019	12	0.228776440392883	0.000258777995713663
0.0715488658045103	181.98	190	-30.4	13.397	13.397	0	65.6259801277144	12	0.228776440392883	0.000264214434657131
0.0712617739125863	181.98	190	-30.4	13.397	13.397	0	65.1910195494664	12	0.228776440392883	0.000260678838385137
0.0716842417399364	181.98	190	-30.4	13.397	13.397	0	65.2481717153602	12	0.228776440392883	0.000259355123466521
0.0714529075967173	181.98	190	-30.4	13.397	13.397	0	65.68801601936	12	0.228776440392883	0.000265636358030007
0.0717630223242419	181.98	190	-30.4	13.397	13.397	0	65.2466037422509	12	0.228776440392883	0.000259285083915554
0.0715188632557055	181.98	190	-30.4	13.397	13.397	0	65.1407868997665	12	0.228776440392883	0.000258562937194423
0.0713547991148512	181.98	190	-30.4	13.397	13.397	0	65.1149224678411	12	0.228776440392883	0.00025905335125859
0.0717865113155501	181.98	190	-30.4	13.397	13.397	0	65.28154614136	12	0.228776440392883	0.000259650575443193
0.0720119466802851	181.98	190	-30.4	13.397	13.397	0	65.3365235149681	12	0.228776440392883	0.000260645477209947
0.0717241402378472	181.98	190	-30.4	13.397	13.397	0	65.1287059010773	12	0.228776440392883	0.000258060160789206
0.0715533744749733	181.98	190	-30.4	13.397	13.397	0	65.2299320984128	12	0.228776440392883	0.000259467304151046
0.0712623707613709	181.98	190	-30.4	13.397	13.397	0	65.283261959364	12	0.228776440392883	0.000261879845809208
0.0715542102728531	181.98	190	-30.4	13.397	13.397	0	65.0866954191789	12	0.228776440392883	0.00025783812794107
0.0716690366765847	181.98	190	-30.4	13.397	13.397	0	65.2344470459052	12	0.228776440392883	0.000259227945457226
0.0713854038893252	181.98	190	-30.4	13.397	13.397	0	65.1234242160411	12	0.228776440392883	0.00025897613172677
0.0716750241456988	181.98	190	-30.4	13.397	13.397	0	65.3572883065394	12	0.228776440392883	0.000260569447427515
0.0713870088946209	181.98	190	-30.4	13.397	13.397	0	65.6110113283677	12	0.228776440392883	0.00026515027922172
0.0713907579408296	181.98	190	-30.4	13.397	13.397	0	65.2313891037666	12	0.228776440392883	0.000260270348833175
0.0716629777380802	181.98	190	-30.4	13.397	13.397	0	65.3005520756464	12	0.228776440392883	0.000259964634881038
0.0715603396361116	181.98	190	-30.4	13.397	13.397	0	65.2364836148487	12	0.228776440392883	0.000259518742800509
0.0715408513742223	181.98	190	-30.4	13.397	13.397	0	65.248152981348	12	0.228776440392883	0.000259723348476451
0.0715920819488128	181.98	190	-30.4	13.397	13.397	0	65.1865504730291	12	0.228776440392883	0.000258857310689514
0.0719332954809347	181.98	190	-30.4	13.397	13.397	0	65.3196745696711	12	0.228776440392883	0.000260234816942786
0.0713636767800362	181.98	190	-30.4	13.397	13.397	0	64.9000871724834	12	0.228776440392883	0.000256409141813659
0.0710751358402486	181.98	190	-30.4	13.397	13.397	0	65.2178160999193	12	0.228776440392883	0.000262843426378028
0.0716593822836075	181.98	190	-30.4	13.397	13.397	0	65.3696088679065	12	0.228776440392883	0.000260742599921406
0.0718394509696019	181.98	190	-30.4	13.397	13.397	0	65.2332279025098	12	0.228776440392883	0.000259201982047378
0.0715442172674188	181.98	190	-30.4	13.397	13.397	0	65.2636075101157	12	0.228776440392883	0.000259890190497076
0.0718019771323146	181.98	190	-30.4	13.397	13.397	0	66.1619067897506	12	0.228776440392883	0.000269514958200738
0.0711184806149803	181.98	190	-30.4	13.397	13.397	0	65.2783111985155	12	0.228776440392883	0.000263209778543818
0.071285221475235	181.98	190	-30.4	13.397	13.397	0	65.4256531490384	12	0.228776440392883	0.000263567195822088
0.0715690005863095	181.98	190	-30.4	13.397	13.397	0	65.1270241994743	12	0.228776440392883	0.000258250543979495
0.071875929084538	181.98	190	-30.4	13.397	13.397	0	65.1426130237071	12	0.228776440392883	0.000258387708794291
0.0715032961160084	181.98	190	-30.4	13.397	13.397	0	65.1418965874641	12	0.228776440392883	0.000258633417269747
0.0712475437899413	181.98	190	-30.4	13.397	13.397	0	65.2627644434296	12	0.228776440392883	0.000261737471820267
0.0714057378021992	181.98	190	-30.4	13.397	13.397	0	65.4292834216681	12	0.228776440392883	0.000262654463815281
0.0712933967371465	181.98	190	-30.4	13.397	13.397	0	65.0940955182812	12	0.228776440392883	0.000259199267034959
0.0714797854439732	181.98	190	-30.4	13.397	13.397	0	65.0582139329872	12	0.228776440392883	0.000257754981308588
0.0715318221756608	181.98	190	-30.4	13.397	13.397	0	65.1274182929803	12	0.228776440392883	0.00025836535861081
0.07155837533087	181.98	190	-30.4	13.397	13.397	0	65.164166007718	12	0.228776440392883	0.000258699576843077
0.0717859117240858	181.98	190	-30.4	13.397	13.397	0	65.6704027260832	12	0.228776440392883	0.000263839609175042
0.0718176159133352	181.98	190	-30.4	13.397	13.397	0	65.8545974677249	12	0.228776440392883	0.000265851448547314
0.0716976118834851	181.98	190	-30.4	13.397	13.397	0	65.2673059725615	12	0.228776440392883	0.000259545011322258
0.0715332138317132	181.98	190	-30.4	13.397	13.397	0	65.3398224669005	12	0.228776440392883	0.000260829896236358
0.071500240437632	181.98	190	-30.4	13.397	13.397	0	65.1684542137383	12	0.228776440392883	0.000258954265761948
0.0716898330676837	181.98	190	-30.4	13.397	13.397	0	65.1927189515005	12	0.228776440392883	0.000258751465028986
0.0717957608930554	181.98	190	-30.4	13.397	13.397	0	65.1696649628687	12	0.228776440392883	0.000258513114183909
0.0716496954987418	181.98	190	-30.4	13.397	13.397	0	65.2626311408741	12	0.228776440392883	0.000259571771093114
0.0720359207380618	181.98	190	-30.4	13.397	13.397	0	65.1293392173124	12	0.228776440392883	0.00025890004844317
0.0716372623452225	181.98	190	-30.4	13.397	13.397	0	65.0970221975509	12	0.228776440392883	0.000257784423918285
0.0714430355214493	181.98	190	-30.4	13.397	13.397	0	65.2187789707018	12	0.228776440392883	0.000259817190875264
0.0713205114808952	181.98	190	-30.4	13.397	13.397	0	65.318618653628	12	0.228776440392883	0.000261865674416382
0.0721299305984193	181.98	190	-30.4	13.397	13.397	0	65.041327393411	12	0.228776440392883	0.000258777797383043
0.0713961026817355	181.98	190	-30.4	13.397	13.397	0	65.0791724514285	12	0.228776440392883	0.000258381538555479
0.0713666480743533	181.98	190	-30.4	13.397	13.397	0	65.0399318813741	12	0.228776440392883	0.000258067612782601
0.071354019575126	181.98	190	-30.4	13.397	13.397	0	65.2167915353148	12	0.228776440392883	0.00026032531134784
0.0715853957700241	181.98	190	-30.4	13.397	13.397	0	65.0183917012063	12	0.228776440392883	0.000257013732177431
0.0713884897137856	181.98	190	-30.4	13.397	13.397	0	65.2875069984995	12	0.228776440392883	0.000260983124848547
0.0715274728045949	181.98	190	-30.4	13.397	13.397	0	65.1727707276805	12	0.228776440392883	0.000258900441946135
0.071232123994824	181.98	190	-30.4	13.397	13.397	0	65.1155611961941	12	0.228776440392883	0.000259940250516493
0.071157092032979	181.98	190	-30.4	13.397	13.397	0	65.140282489591	12	0.228776440392883	0.000260929782295627
0.0714633068682477	181.98	190	-30.4	13.397	13.397	0	65.1295419919006	12	0.228776440392883	0.00025865452216008
0.0716800734047733	181.98	190	-30.4	13.397	13.397	0	65.2104498333704	12	0.228776440392883	0.000258952554089571
0.0712821557135468	181.98	190	-30.4	13.397	13.397	0	65.3618479554154	12	0.228776440392883	0.000262746636147223
0.0720563758367339	181.98	190	-30.4	13.397	13.397	0	65.034451583746	12	0.228776440392883	0.000258212001950989
0.0715376090283449	181.98	190	-30.4	13.397	13.397	0	65.6590635132672	12	0.228776440392883	0.000264691162407668
0.0718078122291222	181.98	190	-30.4	13.397	13.397	0	65.2501729252831	12	0.228776440392883	0.00025933873027481
0.0719946900767958	181.98	190	-30.4	13.397	13.397	0	65.3311893667259	12	0.228776440392883	0.000260531981650306
0.071318848983195	181.98	190	-30.4	13.397	13.397	0	65.3016481210907	12	0.228776440392883	0.000261659320859638
0.0717224600913346	181.98	190	-30.4	13.397	13.397	0	65.1096894323168	12	0.228776440392883	0.000257863159846072
0.0716403831031148	181.98	190	-30.4	13.397	13.397	0	65.2276963362972	12	0.228776440392883	0.000259204478611567
0.0716082336651223	181.98	190	-30.4	13.397	13.397	0	65.3107760883194	12	0.228776440392883	0.00026021572879344
0.0716049604782671	181.98	190	-30.4	13.397	13.397	0	65.3633291933698	12	0.228776440392883	0.000260827654709446
0.0719091144622245	181.98	190	-30.4	13.397	13.397	0	65.4337448755336	12	0.228776440392883	0.000261306881427506
0.0719462544376764	181.98	190	-30.4	13.397	13.397	0	66.0732498682168	12	0.228776440392883	0.000268081407923631
0.0720108977510926	181.98	190	-30.4	13.397	13.397	0	65.3997588768828	12	0.228776440392883	0.000261230850110516
0.0715082311923799	181.98	190	-30.4	13.397	13.397	0	65.0417693642193	12	0.228776440392883	0.000257467147367457
0.0715401051545367	181.98	190	-30.4	13.397	13.397	0	65.299643344544	12	0.228776440392883	0.000260327171329292
0.0716450886378308	181.98	190	-30.4	13.397	13.397	0	65.3345541753623	12	0.228776440392883	0.000260383931851586
0.0713452827188501	181.98	190	-30.4	13.397	13.397	0	65.2862537271746	12	0.228776440392883	0.000261264211561098
0.0717129824461576	181.98	190	-30.4	13.397	13.397	0	65.1822332910528	12	0.228776440392883	0.000258623101742211
0.0718063245678576	181.98	190	-30.4	13.397	13.397	0	65.271398770455	12	0.228776440392883	0.000259554311210295
0.071372549624395	181.98	190	-30.4	13.397	13.397	0	65.0994341258314	12	0.228776440392883	0.000258757412072128
0.0714416393960929	181.98	190	-30.4	13.397	13.397	0	65.2083613381939	12	0.228776440392883	0.000259698776354114
0.0720085676363851	181.98	190	-30.4	13.397	13.397	0	65.3990569801001	12	0.228776440392883	0.000261216195932431
0.0710513529859187	181.98	190	-30.4	13.397	13.397	0	64.8225123443623	12	0.228776440392883	0.000257685940398575
0.0712171758095006	181.98	190	-30.4	13.397	13.397	0	65.1726296488757	12	0.228776440392883	0.000260812769157663
0.0715611042993193	181.98	190	-30.4	13.397	13.397	0	64.9925040022555	12	0.228776440392883	0.000256777644799635
0.0716674241301801	181.98	190	-30.4	13.397	13.397	0	65.2977755343287	12	0.228776440392883	0.000259925259200527
0.0717102581152961	181.98	190	-30.4	13.397	13.397	0	65.6748320691007	12	0.228776440392883	0.000264083203184009
0.0718630490025807	181.98	190	-30.4	13.397	13.397	0	65.2527913408561	12	0.228776440392883	0.000259432618346508
0.0717914636902297	181.98	190	-30.4	13.397	13.397	0	65.3563693710787	12	0.228776440392883	0.00026043094033009
0.071491191490068	181.98	190	-30.4	13.397	13.397	0	65.1825722845303	12	0.228776440392883	0.000259156998678678
0.0717471309626382	181.98	190	-30.4	13.397	13.397	0	65.8557790297406	12	0.228776440392883	0.000266073014304972
0.0716082081627906	181.98	190	-30.4	13.397	13.397	0	65.0185572016763	12	0.228776440392883	0.000256979029391687
0.0714657120059109	181.98	190	-30.4	13.397	13.397	0	65.1405083551282	12	0.228776440392883	0.000258773070426798
0.0712203128123275	181.98	190	-30.4	13.397	13.397	0	65.0163714047753	12	0.228776440392883	0.000258754333705044
0.071745493621508	181.98	190	-30.4	13.397	13.397	0	65.6407430618837	12	0.228776440392883	0.000263593040814996
0.0718719951091059	181.98	190	-30.4	13.397	13.397	0	65.289924263173	12	0.228776440392883	0.000259815118684153
0.0712520503464531	181.98	190	-30.4	13.397	13.397	0	65.2051495603196	12	0.228776440392883	0.000260942539806106
0.0712668300135168	181.98	190	-30.4	13.397	13.397	0	65.3235513119032	12	0.228776440392883	0.000262373082410652
0.0716628634314987	181.98	190	-30.4	13.397	13.397	0	65.5106590900031	12	0.228776440392883	0.000262336766693664
0.0717900185185573	181.98	190	-30.4	13.397	13.397	0	65.2638627906869	12	0.228776440392883	0.00025946890697367
0.0718389476670011	181.98	190	-30.4	13.397	13.397	0	65.4037458917498	12	0.228776440392883	0.000260932628061456
0.0713706888862159	181.98	190	-30.4	13.397	13.397	0	65.3460459186307	12	0.228776440392883	0.000261843137256468
0.0714400576233492	181.98	190	-30.4	13.397	13.397	0	65.0985582770767	12	0.228776440392883	0.000258394364693255
0.0717272830369456	181.98	190	-30.4	13.397	13.397	0	65.1863989517595	12	0.228776440392883	0.000258661229506993
0.0720515453527458	181.98	190	-30.4	13.397	13.397	0	65.1130300458274	12	0.228776440392883	0.000258846952218329
0.0717658073366294	181.98	190	-30.4	13.397	13.397	0	65.203701601952	12	0.228776440392883	0.000258840996333894
0.0716847767543086	181.98	190	-30.4	13.397	13.397	0	65.1442753989897	12	0.228776440392883	0.000258239561140523
0.071680596758512	181.98	190	-30.4	13.397	13.397	0	65.369436244544	12	0.228776440392883	0.000260692913896556
0.0719361513931309	181.98	190	-30.4	13.397	13.397	0	65.3487398197707	12	0.228776440392883	0.000260522875312704
0.0714454327547812	181.98	190	-30.4	13.397	13.397	0	65.165373210115	12	0.228776440392883	0.000259163402546563
0.0713818511824799	181.98	190	-30.4	13.397	13.397	0	65.0484024090798	12	0.228776440392883	0.000258086906614234
0.0715156427730605	181.98	190	-30.4	13.397	13.397	0	65.2137327382699	12	0.228776440392883	0.000259420737038745
0.071440658399096	181.98	190	-30.4	13.397	13.397	0	65.0558491855677	12	0.228776440392883	0.000257887943991355
0.0714222739578971	181.98	190	-30.4	13.397	13.397	0	65.095290600531	12	0.228776440392883	0.000258440873490379
0.0718268813003663	181.98	190	-30.4	13.397	13.397	0	65.22788181289	12	0.228776440392883	0.000259132205826159
0.0722155642507779	181.98	190	-30.4	13.397	13.397	0	65.6902892052804	12	0.228776440392883	0.000264804678031835
0.0713359819348156	181.98	190	-30.4	13.397	13.397	0	65.0506367318605	12	0.228776440392883	0.000258377443979864
0.0711478943595532	181.98	190	-30.4	13.397	13.397	0	65.1358773193843	12	0.228776440392883	0.000260958573072691
0.07206840726935	181.98	190	-30.4	13.397	13.397	0	65.0964251575514	12	0.228776440392883	0.000258806699422714
0.0720515524675624	181.98	190	-30.4	13.397	13.397	0	65.1621464096589	12	0.228776440392883	0.000259269517113103
0.0714743214557396	181.98	190	-30.4	13.397	13.397	0	65.1861337847864	12	0.228776440392883	0.000259273352429023
0.0718329946341059	181.98	190	-30.4	13.397	13.397	0	65.4166973897251	12	0.228776440392883	0.000261064648108609
0.0719359305911212	181.98	190	-30.4	13.397	13.397	0	65.2539902594739	12	0.228776440392883	0.000259613831666348
0.0715711142350375	181.98	190	-30.4	13.397	13.397	0	65.6264750724963	12	0.228776440392883	0.000264098663301152
0.0716504933555086	181.98	190	-30.4	13.397	13.397	0	65.0489357810467	12	0.228776440392883	0.000257255865805342
0.0712378537334336	181.98	190	-30.4	13.397	13.397	0	65.360781819831	12	0.228776440392883	0.000263131549352335
0.0722804609619342	181.98	190	-30.4	13.397	13.397	0	65.8013249918289	12	0.228776440392883	0.00026616022355715
0.0721117691442052	181.98	190	-30.4	13.397	13.397	0	65.5236931913592	12	0.228776440392883	0.000262782833454401
0.0717394745468731	181.98	190	-30.4	13.397	13.397	0	65.2673981754742	12	0.228776440392883	0.000259509457425331
0.0717008493101988	181.98	190	-30.4	13.397	13.397	0	65.1269000303132	12	0.228776440392883	0.000258046463245382
0.071505928775611	181.98	190	-30.4	13.397	13.397	0	65.0081992392451	12	0.228776440392883	0.000257094172899784
0.0718454463187559	181.98	190	-30.4	13.397	13.397	0	65.6120015592392	12	0.228776440392883	0.000263126463612484
0.0713097153411354	181.98	190	-30.4	13.397	13.397	0	65.140575817457	12	0.228776440392883	0.000259670744225936
0.0719651945205791	181.98	190	-30.4	13.397	13.397	0	65.4276563142816	12	0.228776440392883	0.0002613599547672
0.0712982235554714	181.98	190	-30.4	13.397	13.397	0	65.1105858723007	12	0.228776440392883	0.000259373237506814
0.0715367455539898	181.98	190	-30.4	13.397	13.397	0	65.763096736953	12	0.228776440392883	0.000266006929727363
0.071500385579995	181.98	190	-30.4	13.397	13.397	0	65.2582897228546	12	0.228776440392883	0.000260009961620855
0.0712685743728344	181.98	190	-30.4	13.397	13.397	0	64.9762328835518	12	0.228776440392883	0.000257891941387061
0.0721438934742333	181.98	190	-30.4	13.397	13.397	0	65.0057818605679	12	0.228776440392883	0.000258606387049056
0.0717308747043133	181.98	190	-30.4	13.397	13.397	0	65.0147329665226	12	0.228776440392883	0.000256895975526804
0.0713082178634058	181.98	190	-30.4	13.397	13.397	0	65.2509408692681	12	0.228776440392883	0.000261087808799426
0.0714940413126303	181.98	190	-30.4	13.397	13.397	0	65.1800298254228	12	0.228776440392883	0.000259115123745039
0.0714393816584725	181.98	190	-30.4	13.397	13.397	0	65.0086784691871	12	0.228776440392883	0.000257341497640751
0.0716521697391543	181.98	190	-30.4	13.397	13.397	0	65.2634558423963	12	0.228776440392883	0.000259575935987031
0.0713994644981052	181.98	190	-30.4	13.397	13.397	0	64.9023913756493	12	0.228776440392883	0.000256272440774383
0.0717242698648985	181.98	190	-30.4	13.397	13.397	0	65.2266130716522	12	0.228776440392883	0.000259085961422859
0.0720612092624549	181.98	190	-30.4	13.397	13.397	0	65.2784742241985	12	0.228776440392883	0.000260338719334785
0.0720742996275988	181.98	190	-30.4	13.397	13.397	0	65.3951196721266	12	0.228776440392883	0.000261444900504709
0.071645443101431	181.98	190	-30.4	13.397	13.397	0	65.2102060174526	12	0.228776440392883	0.00025900239826707
0.0713197809864363	181.98	190	-30.4	13.397	13.397	0	65.206325223256	12	0.228776440392883	0.000260431626797764
0.0718678342125955	181.98	190	-30.4	13.397	13.397	0	65.4029990362502	12	0.228776440392883	0.000260945455949081
0.0722395453781229	181.98	190	-30.4	13.397	13.397	0	65.2964836195585	12	0.228776440392883	0.000261661965079184
0.0721431136013763	181.98	190	-30.4	13.397	13.397	0	65.6182929846279	12	0.228776440392883	0.000263789182722321
0.0723500763273421	181.98	190	-30.4	13.397	13.397	0	65.2409921011258	12	0.228776440392883	0.000262269529287903
0.07209096571761	181.98	190	-30.4	13.397	13.397	0	65.4533790603107	12	0.228776440392883	0.000262048809378425
0.0714472702634787	181.98	190	-30.4	13.397	13.397	0	65.2253100325174	12	0.228776440392883	0.000259873861069041
0.0716269005278899	181.98	190	-30.4	13.397	13.397	0	65.1018219677996	12	0.228776440392883	0.000257851216754347
0.0715708269822143	181.98	190	-30.4	13.397	13.397	0	65.653449097844	12	0.228776440392883	0.000264431143255853
0.0711297478913482	181.98	190	-30.4	13.397	13.397	0	65.3242050690703	12	0.228776440392883	0.000263726530776998
0.0713802682588619	181.98	190	-30.4	13.397	13.397	0	65.1944309399106	12	0.228776440392883	0.000259877934724339
0.0717523198354838	181.98	190	-30.4	13.397	13.397	0	65.3206365370053	12	0.228776440392883	0.000260067074761032
0.071448535842263	181.98	190	-30.4	13.397	13.397	0	65.0645359163911	12	0.228776440392883	0.00025795538681488
0.0717113467092392	181.98	190	-30.4	13.397	13.397	0	65.66829755098	12	0.228776440392883	0.000264004025175848
0.0717404177461601	181.98	190	-30.4	13.397	13.397	0	65.3931969584455	12	0.228776440392883	0.00026085661616308
0.0716893430085534	181.98	190	-30.4	13.397	13.397	0	65.2228175185666	12	0.228776440392883	0.000259074897182544
0.07202104563739	181.98	190	-30.4	13.397	13.397	0	65.052383198729	12	0.228776440392883	0.00025815439723926
0.071013226837031	181.98	190	-30.4	13.397	13.397	0	65.3985570186356	12	0.228776440392883	0.000266193812374897
0.0716131869795708	181.98	190	-30.4	13.397	13.397	0	65.456284567269	12	0.228776440392883	0.000261875930877888
0.0713307055392853	181.98	190	-30.4	13.397	13.397	0	65.3995666043132	12	0.228776440392883	0.000262836374289621
0.0716215752701584	181.98	190	-30.4	13.397	13.397	0	64.8679096927687	12	0.228776440392883	0.000255374590204935
0.0713437378099584	181.98	190	-30.4	13.397	13.397	0	65.123980287759	12	0.228776440392883	0.000259234755215021
0.0713944541103673	181.98	190	-30.4	13.397	13.397	0	65.047854941244	12	0.228776440392883	0.000258014149886919
0.0718491738807159	181.98	190	-30.4	13.397	13.397	0	65.208578466992	12	0.228776440392883	0.00025897254936183
0.0719182797742315	181.98	190	-30.4	13.397	13.397	0	65.3535853029	12	0.228776440392883	0.000260529392396371
0.0711386094506524	181.98	190	-30.4	13.397	13.397	0	65.2199747673274	12	0.228776440392883	0.000262192574613309
0.0712353307628277	181.98	190	-30.4	13.397	13.397	0	65.0442008391993	12	0.228776440392883	0.000258994363277066
0.072079397886402	181.98	190	-30.4	13.397	13.397	0	65.1575404025905	12	0.228776440392883	0.000259390475438326
0.072104437162869	181.98	190	-30.4	13.397	13.397	0	65.061688094002	12	0.228776440392883	0.000258756086784636
0.0714456377059522	181.98	190	-30.4	13.397	13.397	0	64.9867620565702	12	0.228776440392883	0.000257061416087647
0.0711476476850698	181.98	190	-30.4	13.397	13.397	0	64.9818155494009	12	0.228776440392883	0.000258910659889087
0.071386997332014	181.98	190	-30.4	13.397	13.397	0	65.2365074910819	12	0.228776440392883	0.000260357218470901
0.0713272798084199	181.98	190	-30.4	13.397	13.397	0	65.3506066685263	12	0.228776440392883	0.000262226893582456
0.0714404295526916	181.98	190	-30.4	13.397	13.397	0	65.1625099063872	12	0.228776440392883	0.000259153976028921
0.0719888084144806	181.98	190	-30.4	13.397	13.397	0	65.3845513053069	12	0.228776440392883	0.000261013952663846
0.071094344477014	181.98	190	-30.4	13.397	13.397	0	66.2632283158783	12	0.228776440392883	0.000278285470104372
0.0719869674550791	181.98	190	-30.4	13.397	13.397	0	65.4779458151003	12	0.228776440392883	0.000261903424833739
0.0714129916323966	181.98	190	-30.4	13.397	13.397	0	65.3785513052145	12	0.228776440392883	0.000261963952664454
0.0722177391584777	181.98	190	-30.4	13.397	13.397	0	65.825305708596	12	0.228776440392883	0.000266033870273043
0.0720412505394498	181.98	190	-30.4	13.397	13.397	0	65.2767037170247	12	0.228776440392883	0.00026022593886255
0.0717597532492019	181.98	190	-30.4	13.397	13.397	0	65.3762462965031	12	0.228776440392883	0.00026065525662324
0.0713468127878723	181.98	190	-30.4	13.397	13.397	0	65.127667627024	12	0.228776440392883	0.000259260892674632
0.0716651509938733	181.98	190	-30.4	13.397	13.397	0	65.7596200196312	12	0.228776440392883	0.000265256333886692
0.0713834184225692	181.98	190	-30.4	13.397	13.397	0	65.1156023437039	12	0.228776440392883	0.000258892159968044
0.0718738200277982	181.98	190	-30.4	13.397	13.397	0	65.2308478559566	12	0.228776440392883	0.000259236829841329
0.0713595414727197	181.98	190	-30.4	13.397	13.397	0	65.0845439479541	12	0.228776440392883	0.000258651536684347
0.0714009679753204	181.98	190	-30.4	13.397	13.397	0	65.1206313675101	12	0.228776440392883	0.00025885566101852
0.071258610858724	181.98	190	-30.4	13.397	13.397	0	65.1408097584747	12	0.228776440392883	0.000260054529940015
0.071013226837031	181.98	190	-30.4	13.397	13.397	0	65.8024923875713	12	0.228776440392883	0.000272299536224682
0.0720245988433821	181.98	190	-30.4	13.397	13.397	0	65.4519692125129	12	0.228776440392883	0.000261769296346932
0.071686125096657	181.98	190	-30.4	13.397	13.397	0	65.2761425969599	12	0.228776440392883	0.000259656430173894
0.071233381833103	181.98	190	-30.4	13.397	13.397	0	65.1133166160935	12	0.228776440392883	0.000259900877110147
0.0714605303961621	181.98	190	-30.4	13.397	13.397	0	65.1934516564914	12	0.228776440392883	0.000259425034824303
0.0714182180660824	181.98	190	-30.4	13.397	13.397	0	65.3461449325421	12	0.228776440392883	0.000261524398737366
0.071749041216933	181.98	190	-30.4	13.397	13.397	0	65.3823237396351	12	0.228776440392883	0.000260729793050351
0.0717262286068405	181.98	190	-30.4	13.397	13.397	0	65.2644837385129	12	0.228776440392883	0.00025948673302502
0.0715814052037227	181.98	190	-30.4	13.397	13.397	0	65.2670808442307	12	0.228776440392883	0.000259800039543522
0.0716090980543855	181.98	190	-30.4	13.397	13.397	0	65.0965115951445	12	0.228776440392883	0.000257823248128652
0.0710957628326643	181.98	190	-30.4	13.397	13.397	0	65.5881619755169	12	0.228776440392883	0.000267906284186838
0.0713728194229235	181.98	190	-30.4	13.397	13.397	0	64.9246560098294	12	0.228776440392883	0.000256655461390198
0.0716021951541464	181.98	190	-30.4	13.397	13.397	0	65.2444018570043	12	0.228776440392883	0.000259480901901789
0.0715111477439004	181.98	190	-30.4	13.397	13.397	0	65.0007742308584	12	0.228776440392883	0.000256994734633983
0.0715305555876905	181.98	190	-30.4	13.397	13.397	0	65.3776177173255	12	0.228776440392883	0.000261291420026645
0.0713716078729302	181.98	190	-30.4	13.397	13.397	0	65.1694441646351	12	0.228776440392883	0.000259622592065323
0.0716651300122172	181.98	190	-30.4	13.397	13.397	0	65.2648908632925	12	0.228776440392883	0.000259567425939597
0.0712946683089065	181.98	190	-30.4	13.397	13.397	0	65.1426461110047	12	0.228776440392883	0.00025980472817393
0.0718646672966392	181.98	190	-30.4	13.397	13.397	0	65.2539206606547	12	0.228776440392883	0.000259446537705413
0.0714404443961056	181.98	190	-30.4	13.397	13.397	0	65.0714819729834	12	0.228776440392883	0.000258072805603264
0.0717544825963636	181.98	190	-30.4	13.397	13.397	0	65.1058516536325	12	0.228776440392883	0.000257834483633995
0.0715597978164521	181.98	190	-30.4	13.397	13.397	0	65.3166806035903	12	0.228776440392883	0.000260448633767917
0.0716081182311162	181.98	190	-30.4	13.397	13.397	0	64.908146433698	12	0.228776440392883	0.000255803157800749
0.0714799012147479	181.98	190	-30.4	13.397	13.397	0	65.1008662719318	12	0.228776440392883	0.000258248749042173
0.0716390897580385	181.98	190	-30.4	13.397	13.397	0	65.3489738306895	12	0.228776440392883	0.000260561843985751
0.0716667132473021	181.98	190	-30.4	13.397	13.397	0	65.357410515466	12	0.228776440392883	0.000260588850071394
0.0715652410332748	181.98	190	-30.4	13.397	13.397	0	65.046036487399	12	0.228776440392883	0.000257358173220739
0.0714335932648293	181.98	190	-30.4	13.397	13.397	0	65.1448010256725	12	0.228776440392883	0.000258976185858268
0.0717014622920351	181.98	190	-30.4	13.397	13.397	0	65.1130749484243	12	0.228776440392883	0.00025790134443956
0.0717412604053379	181.98	190	-30.4	13.397	13.397	0	65.1510306154057	12	0.228776440392883	0.000258292278668528
0.0718537157136495	181.98	190	-30.4	13.397	13.397	0	65.6229902783591	12	0.228776440392883	0.000263240056905109
0.0713217144507415	181.98	190	-30.4	13.397	13.397	0	65.2063676439243	12	0.228776440392883	0.000260418241669154
0.0718455441886288	181.98	190	-30.4	13.397	13.397	0	65.2217287871207	12	0.228776440392883	0.000259096670962109
0.0716032440197631	181.98	190	-30.4	13.397	13.397	0	65.075264665416	12	0.228776440392883	0.000257601767029724
0.0721291562146492	181.98	190	-30.4	13.397	13.397	0	66.0361970323598	12	0.228776440392883	0.000267757956509334
0.0716193565272013	181.98	190	-30.4	13.397	13.397	0	65.1358230242426	12	0.228776440392883	0.000258234603018306
0.0719704098623348	181.98	190	-30.4	13.397	13.397	0	65.2185320563741	12	0.228776440392883	0.00025939793825424
0.0719646185579775	181.98	190	-30.4	13.397	13.397	0	66.0104690181991	12	0.228776440392883	0.000267370297829879
0.0718840607572842	181.98	190	-30.4	13.397	13.397	0	65.2193902028934	12	0.228776440392883	0.000259147005773147
0.0716035091508734	181.98	190	-30.4	13.397	13.397	0	65.0918073851845	12	0.228776440392883	0.000257782116620451
0.0716561862947528	181.98	190	-30.4	13.397	13.397	0	65.5698651423339	12	0.228776440392883	0.000263045215316759
0.0713753039223831	181.98	190	-30.4	13.397	13.397	0	65.3731462672914	12	0.228776440392883	0.000262155383116812
0.0715713684934207	181.98	190	-30.4	13.397	13.397	0	65.2467183989556	12	0.228776440392883	0.00025959945059179
0.0713088420482556	181.98	190	-30.4	13.397	13.397	0	65.0195316680366	12	0.228776440392883	0.000258163820483989
0.0716432773426149	181.98	190	-30.4	13.397	13.397	0	65.2707203623101	12	0.228776440392883	0.000259674897916984
0.0719186161416227	181.98	190	-30.4	13.397	13.397	0	65.2063296042656	12	0.228776440392883	0.000259110938635217
0.0714820969076423	181.98	190	-30.4	13.397	13.397	0	65.1175976242105	12	0.228776440392883	0.000258434698279831
0.0715263943677319	181.98	190	-30.4	13.397	13.397	0	65.2069621957862	12	0.228776440392883	0.000259299907309598
0.0716678644654954	181.98	190	-30.4	13.397	13.397	0	65.31197541292	12	0.228776440392883	0.000260081340020664
0.0719970373763628	181.98	190	-30.4	13.397	13.397	0	65.5722423598387	12	0.228776440392883	0.000262848329603249
0.0716577496125908	181.98	190	-30.4	13.397	13.397	0	65.2612827147538	12	0.228776440392883	0.00025954120005064
0.0715398182214047	181.98	190	-30.4	13.397	13.397	0	65.8092114964449	12	0.228776440392883	0.000266574051714932
0.0719890597905118	181.98	190	-30.4	13.397	13.397	0	65.3539335056361	12	0.228776440392883	0.000260725639064602
0.0722277675225721	181.98	190	-30.4	13.397	13.397	0	65.047816929915	12	0.228776440392883	0.000259652519418587
0.0717894053687551	181.98	190	-30.4	13.397	13.397	0	65.2923493773156	12	0.228776440392883	0.000259763148510947
0.0717056001117788	181.98	190	-30.4	13.397	13.397	0	65.7641752306319	12	0.228776440392883	0.000265144924154774
0.0717208785382385	181.98	190	-30.4	13.397	13.397	0	65.3050801617498	12	0.228776440392883	0.000259926148634389
0.0714238958294346	181.98	190	-30.4	13.397	13.397	0	65.3870523996555	12	0.228776440392883	0.000261999395076692
0.0711943457854056	181.98	190	-30.4	13.397	13.397	0	65.1072566677639	12	0.228776440392883	0.000260150915322193
0.0717151805026352	181.98	190	-30.4	13.397	13.397	0	65.3372405213642	12	0.228776440392883	0.000260280625115657
0.0721609480397309	181.98	190	-30.4	13.397	13.397	0	65.4090417907667	12	0.228776440392883	0.000262031512275253
0.0719813350718573	181.98	190	-30.4	13.397	13.397	0	65.2460819561931	12	0.228776440392883	0.000259693302951922
0.0715537266250871	181.98	190	-30.4	13.397	13.397	0	65.2624373056386	12	0.228776440392883	0.000259841226537448
0.0713888833743438	181.98	190	-30.4	13.397	13.397	0	65.1784571241074	12	0.228776440392883	0.000259629047958355
0.0715754386030697	181.98	190	-30.4	13.397	13.397	0	65.1942524305127	12	0.228776440392883	0.00025898976357622
0.0712787073751925	181.98	190	-30.4	13.397	13.397	0	65.2808047242429	12	0.228776440392883	0.000261710036929965
0.0715197047380814	181.98	190	-30.4	13.397	13.397	0	65.2973303095092	12	0.228776440392883	0.000260386235207782
0.0716567008935156	181.98	190	-30.4	13.397	13.397	0	65.3085024059749	12	0.228776440392883	0.000260065844928244
0.0712927784934537	181.98	190	-30.4	13.397	13.397	0	65.1640621707873	12	0.228776440392883	0.000260091331662035
0.0720026607321666	181.98	190	-30.4	13.397	13.397	0	65.0399910408965	12	0.228776440392883	0.000257947552474059
0.0718025064055845	181.98	190	-30.4	13.397	13.397	0	65.322739933101	12	0.228776440392883	0.000260081224614467
0.071626042451891	181.98	190	-30.4	13.397	13.397	0	65.2805296687346	12	0.228776440392883	0.000259824859528041
0.0713884224946096	181.98	190	-30.4	13.397	13.397	0	64.9756990694868	12	0.228776440392883	0.000257184397857726
0.0721275197180608	181.98	190	-30.4	13.397	13.397	0	65.633459202574	12	0.228776440392883	0.00026385930144708
0.07175285198219	181.98	190	-30.4	13.397	13.397	0	65.231643540207	12	0.228776440392883	0.000259129581746596
0.0712457867014275	181.98	190	-30.4	13.397	13.397	0	65.1955212856873	12	0.228776440392883	0.000260868967200372
0.0716410227080196	181.98	190	-30.4	13.397	13.397	0	65.2044812488023	12	0.228776440392883	0.000258947647571504
0.0714154663398607	181.98	190	-30.4	13.397	13.397	0	65.0710927463093	12	0.228776440392883	0.000258185971056929
0.0715903116364396	181.98	190	-30.4	13.397	13.397	0	65.7247582579942	12	0.228776440392883	0.000265203066959066
0.0715980605343022	181.98	190	-30.4	13.397	13.397	0	65.6954816353541	12	0.228776440392883	0.000264801779798616
0.0719399366588891	181.98	190	-30.4	13.397	13.397	0	65.3747794169257	12	0.228776440392883	0.000260784718996644
0.0715394310008224	181.98	190	-30.4	13.397	13.397	0	65.19975280472	12	0.228776440392883	0.000259168690985149
0.0714526115337425	181.98	190	-30.4	13.397	13.397	0	65.1630681268437	12	0.228776440392883	0.000259101002419044
0.0714455753022411	181.98	190	-30.4	13.397	13.397	0	65.1746274085187	12	0.228776440392883	0.000259273381703667
0.0714553363746318	181.98	190	-30.4	13.397	13.397	0	65.0201145149744	12	0.228776440392883	0.000257409206052224
0.0719204268912943	181.98	190	-30.4	13.397	13.397	0	65.0596174135631	12	0.228776440392883	0.000257749873680551
0.0715493582091195	181.98	190	-30.4	13.397	13.397	0	65.3402203934818	12	0.228776440392883	0.000260765779997966
0.0717498828355218	181.98	190	-30.4	13.397	13.397	0	65.2950175890548	12	0.228776440392883	0.000259796625467599
0.0711082529605675	181.98	190	-30.4	13.397	13.397	0	65.1967005366031	12	0.228776440392883	0.000262188562357681
0.071388023289442	181.98	190	-30.4	13.397	13.397	0	65.3705692368396	12	0.228776440392883	0.000262032555311829
0.0713393255156683	181.98	190	-30.4	13.397	13.397	0	65.0985498417572	12	0.228776440392883	0.000258947674378718
0.0718935624818469	181.98	190	-30.4	13.397	13.397	0	65.1831376385601	12	0.228776440392883	0.000258820849751253
0.0712555744421756	181.98	190	-30.4	13.397	13.397	0	65.4466012285944	12	0.228776440392883	0.000264122526746959
0.0711897129053481	181.98	190	-30.4	13.397	13.397	0	64.9755521417817	12	0.228776440392883	0.000258472759335667
0.0711390434355281	181.98	190	-30.4	13.397	13.397	0	64.8993139568466	12	0.228776440392883	0.000257905742923002
0.0714587080637528	181.98	190	-30.4	13.397	13.397	0	65.0554893229626	12	0.228776440392883	0.00025780665479273
0.0711665243966442	181.98	190	-30.4	13.397	13.397	0	65.1471587575281	12	0.228776440392883	0.000260932849833154
0.0718437785169213	181.98	190	-30.4	13.397	13.397	0	65.6453141762977	12	0.228776440392883	0.000263486571069487
0.0715301225318807	181.98	190	-30.4	13.397	13.397	0	65.2989059372263	12	0.228776440392883	0.000260359910464549
0.0715861164735921	181.98	190	-30.4	13.397	13.397	0	65.0824172831603	12	0.228776440392883	0.00025771381359265
0.0712302850950507	181.98	190	-30.4	13.397	13.397	0	65.302491109828	12	0.228776440392883	0.000262419678072161
0.0717116692616272	181.98	190	-30.4	13.397	13.397	0	65.2663228336937	12	0.228776440392883	0.000259518851898886
0.0714233309580894	181.98	190	-30.4	13.397	13.397	0	65.2883367820133	12	0.228776440392883	0.000260776204255085
0.0715803460397541	181.98	190	-30.4	13.397	13.397	0	65.2072210776044	12	0.228776440392883	0.000259122279398424
0.0711621923547938	181.98	190	-30.4	13.397	13.397	0	65.070044842759	12	0.228776440392883	0.000259945400265
0.0715284495708575	181.98	190	-30.4	13.397	13.397	0	65.1081610243172	12	0.228776440392883	0.000258156855992604
0.0716314630012361	181.98	190	-30.4	13.397	13.397	0	65.2507514445805	12	0.228776440392883	0.000259479012648191
0.0714127561354427	181.98	190	-30.4	13.397	13.397	0	65.1098477771036	12	0.228776440392883	0.00025866322290675
0.0714623407652561	181.98	190	-30.4	13.397	13.397	0	65.0731638070771	12	0.228776440392883	0.000257997689772895
0.0713712443275079	181.98	190	-30.4	13.397	13.397	0	65.1248876135914	12	0.228776440392883	0.000259076409727819
0.0713036449911017	181.98	190	-30.4	13.397	13.397	0	65.1925292216456	12	0.228776440392883	0.000260373954503445
0.0715324285868913	181.98	190	-30.4	13.397	13.397	0	65.7197036954131	12	0.228776440392883	0.000265485194688449
0.0717927152128261	181.98	190	-30.4	13.397	13.397	0	65.3431556578664	12	0.228776440392883	0.000260292466530398
0.0718076722900956	181.98	190	-30.4	13.397	13.397	0	65.3244027815655	12	0.228776440392883	0.000260100023681759
0.0717546593598227	181.98	190	-30.4	13.397	13.397	0	65.2552102225322	12	0.228776440392883	0.000259375762607203
0.0715332894798714	181.98	190	-30.4	13.397	13.397	0	65.7087330105398	12	0.228776440392883	0.00026534118674534
0.0711550539418327	181.98	190	-30.4	13.397	13.397	0	65.0225904006243	12	0.228776440392883	0.000259382002280001
0.0717781079531376	181.98	190	-30.4	13.397	13.397	0	65.0766290068644	12	0.228776440392883	0.000257561643610695
0.0715990046596177	181.98	190	-30.4	13.397	13.397	0	65.3548141384178	12	0.228776440392883	0.00026074949497561
0.0715485054736503	181.98	190	-30.4	13.397	13.397	0	65.3582578854971	12	0.228776440392883	0.000260981871480407
0.071453506484407	181.98	190	-30.4	13.397	13.397	0	65.334328360611	12	0.228776440392883	0.000261165903237993
0.0717316014137737	181.98	190	-30.4	13.397	13.397	0	65.3257630184623	12	0.228776440392883	0.000260137917279673
0.0714435041502405	181.98	190	-30.4	13.397	13.397	0	65.2701180230872	12	0.228776440392883	0.000260437303096745
0.0713271694060437	181.98	190	-30.4	13.397	13.397	0	65.0673333125907	12	0.228776440392883	0.000258638409127477
0.0716667523715807	181.98	190	-30.4	13.397	13.397	0	65.0554203706642	12	0.228776440392883	0.000257312489611115
0.0714541388164898	181.98	190	-30.4	13.397	13.397	0	65.4597931455311	12	0.228776440392883	0.000262716497712146
0.0715366657512759	181.98	190	-30.4	13.397	13.397	0	65.098406170581	12	0.228776440392883	0.000258020298267714
0.0716410961936417	181.98	190	-30.4	13.397	13.397	0	65.1657226178748	12	0.228776440392883	0.000258523388081587
0.0715830468818436	181.98	190	-30.4	13.397	13.397	0	65.1497285594128	12	0.228776440392883	0.000258468231916912
0.0712849449277725	181.98	190	-30.4	13.397	13.397	0	65.382419955284	12	0.228776440392883	0.000262994771618911
0.0711465683589508	181.98	190	-30.4	13.397	13.397	0	65.0678014914578	12	0.228776440392883	0.000260058946169769
0.071138462204567	181.98	190	-30.4	13.397	13.397	0	65.1505398690365	12	0.228776440392883	0.000261248543179683
0.0719813201564739	181.98	190	-30.4	13.397	13.397	0	65.1187331143229	12	0.228776440392883	0.000258536233649885
0.0716268244086909	181.98	190	-30.4	13.397	13.397	0	65.0491969342152	12	0.228776440392883	0.000257283615191271
0.0714434811333989	181.98	190	-30.4	13.397	13.397	0	65.259067105364	12	0.228776440392883	0.00026030295370483
0.071668775745151	181.98	190	-30.4	13.397	13.397	0	65.3403169552131	12	0.228776440392883	0.000260393869349769
0.0713074541762848	181.98	190	-30.4	13.397	13.397	0	65.3746717541995	12	0.228776440392883	0.000262700995164572
0.0714998906784588	181.98	190	-30.4	13.397	13.397	0	65.3938681943112	12	0.228776440392883	0.00026163860132941
0.0712760385560134	181.98	190	-30.4	13.397	13.397	0	65.1082402959184	12	0.228776440392883	0.000259504066310368
0.0718484982256262	181.98	190	-30.4	13.397	13.397	0	65.2447573912575	12	0.228776440392883	0.00025932981392446
0.0714851034450337	181.98	190	-30.4	13.397	13.397	0	65.5377963926376	12	0.228776440392883	0.000263497645114021
0.0716701730188891	181.98	190	-30.4	13.397	13.397	0	65.4532949002403	12	0.228776440392883	0.000261659828314583
0.0718990881698323	181.98	190	-30.4	13.397	13.397	0	65.6709802900718	12	0.228776440392883	0.000263741126229371
0.0713520844349195	181.98	190	-30.4	13.397	13.397	0	65.1096754690144	12	0.228776440392883	0.000259005390963162
0.0712002779563537	181.98	190	-30.4	13.397	13.397	0	65.2222421856419	12	0.228776440392883	0.000261622969410864
0.0713544152006302	181.98	190	-30.4	13.397	13.397	0	65.2956821274805	12	0.228776440392883	0.000261318642890617
0.0715579950420798	181.98	190	-30.4	13.397	13.397	0	65.3065297484705	12	0.228776440392883	0.000260337250657775
0.0715342677153453	181.98	190	-30.4	13.397	13.397	0	65.3082742353065	12	0.228776440392883	0.000260452745152728
0.0714347098089847	181.98	190	-30.4	13.397	13.397	0	65.0286364231235	12	0.228776440392883	0.000257594780359906
0.071744549502241	181.98	190	-30.4	13.397	13.397	0	65.2141450839213	12	0.228776440392883	0.000258947845164784
0.0711627153068024	181.98	190	-30.4	13.397	13.397	0	65.3034175169523	12	0.228776440392883	0.000263089585777933
0.0723247325297933	181.98	190	-30.4	13.397	13.397	0	65.1948881877725	12	0.228776440392883	0.000261676015215604
0.0717095230714535	181.98	190	-30.4	13.397	13.397	0	65.7230545476618	12	0.228776440392883	0.000264647387359224
0.0714468705834528	181.98	190	-30.4	13.397	13.397	0	64.9320522377021	12	0.228776440392883	0.000256426776182586
0.072037901569666	181.98	190	-30.4	13.397	13.397	0	65.2783195018966	12	0.228776440392883	0.000260224842647656
0.0722984525777827	181.98	190	-30.4	13.397	13.397	0	65.2904124361383	12	0.228776440392883	0.000262125985692202
0.0711023286880131	181.98	190	-30.4	13.397	13.397	0	64.8868544934849	12	0.228776440392883	0.000258065231726437
0.0715014042000224	181.98	190	-30.4	13.397	13.397	0	65.748592017078	12	0.228776440392883	0.000266063475676902
0.072278603295803	181.98	190	-30.4	13.397	13.397	0	65.8636064401362	12	0.228776440392883	0.000266699459539152
0.0713479305841872	181.98	190	-30.4	13.397	13.397	0	65.0943504781571	12	0.228776440392883	0.00025884209403714
0.0717403222660448	181.98	190	-30.4	13.397	13.397	0	65.3277856354776	12	0.228776440392883	0.000260151801362281
