0.0715616094606132	181.98	190	-30.4	13.397	13.397	0	64.8314350149265	12	0.228776440392883	0.000255038158718107
0.0717238807116254	181.98	190	-30.4	13.397	13.397	0	64.8817745549287	12	0.228776440392883	0.000255563054253442
0.0716394966654906	181.98	190	-30.4	13.397	13.397	0	64.912922715875	12	0.228776440392883	0.000255835590705693
0.0713903175222706	181.98	190	-30.4	13.397	13.397	0	64.83495748616	12	0.228776440392883	0.000255528581080979
0.0716665079775133	181.98	190	-30.4	13.397	13.397	0	64.8127421236868	12	0.228776440392883	0.000254819758427889
0.0714689356019668	181.98	190	-30.4	13.397	13.397	0	64.8172339689071	12	0.228776440392883	0.000255062700444487
0.0715459927816523	181.98	190	-30.4	13.397	13.397	0	64.80876076926	12	0.228776440392883	0.000254816519896891
0.0714794639571127	181.98	190	-30.4	13.397	13.397	0	64.7953386829648	12	0.228776440392883	0.000254794422082886
0.0715030012475737	181.98	190	-30.4	13.397	13.397	0	64.9154870033605	12	0.228776440392883	0.000256063511422412
0.0714233821061091	181.98	190	-30.4	13.397	13.397	0	64.8736184395698	12	0.228776440392883	0.000255844215975206
0.0714219887984628	181.98	190	-30.4	13.397	13.397	0	64.8464307949727	12	0.228776440392883	0.000255538556320778
0.0715689171392209	181.98	190	-30.4	13.397	13.397	0	64.9278556257918	12	0.228776440392883	0.000256060207908782
0.071543549562746	181.98	190	-30.4	13.397	13.397	0	64.9171685566088	12	0.228776440392883	0.000255989160265169
0.0716251850736084	181.98	190	-30.4	13.397	13.397	0	64.8289301129576	12	0.228776440392883	0.000254971353658508
0.0715250522401681	181.98	190	-30.4	13.397	13.397	0	64.8183792846245	12	0.228776440392883	0.000254951707011803
0.0716293318285271	181.98	190	-30.4	13.397	13.397	0	64.8051122026665	12	0.228776440392883	0.000254727598408124
0.0716200973497806	181.98	190	-30.4	13.397	13.397	0	64.910147341145	12	0.228776440392883	0.00025581560718659
0.0716121270801447	181.98	190	-30.4	13.397	13.397	0	64.9193026839132	12	0.228776440392883	0.000255917448327593
0.0715707754613735	181.98	190	-30.4	13.397	13.397	0	64.8545544692989	12	0.228776440392883	0.000255273002896136
0.071660496287409	181.98	190	-30.4	13.397	13.397	0	64.8529170427647	12	0.228776440392883	0.000255221165089672
0.0715758162041892	181.98	190	-30.4	13.397	13.397	0	64.8241863608551	12	0.228776440392883	0.000254946647910459
0.0715331604978239	181.98	190	-30.4	13.397	13.397	0	64.8129100519863	12	0.228776440392883	0.000254879465507345
0.0715307291093632	181.98	190	-30.4	13.397	13.397	0	64.8228197966151	12	0.228776440392883	0.000254989950388318
0.0716037900907369	181.98	190	-30.4	13.397	13.397	0	64.8223041546906	12	0.228776440392883	0.000254908431635582
0.0717525362597598	181.98	190	-30.4	13.397	13.397	0	64.9158012469912	12	0.228776440392883	0.000255938751735187
0.0715552815515876	181.98	190	-30.4	13.397	13.397	0	64.7983638118994	12	0.228776440392883	0.0002546947514748
0.0714399491802714	181.98	190	-30.4	13.397	13.397	0	64.8820680580599	12	0.228776440392883	0.000255880776997198
0.071587352361562	181.98	190	-30.4	13.397	13.397	0	64.8911412150096	12	0.228776440392883	0.000255642939633952
0.071478508880358	181.98	190	-30.4	13.397	13.397	0	64.8161921010063	12	0.228776440392883	0.000255026413858879
0.0715532662939575	181.98	190	-30.4	13.397	13.397	0	64.769837532836	12	0.228776440392883	0.0002543956176687
0.0717515794132521	181.98	190	-30.4	13.397	13.397	0	64.8862369739698	12	0.228776440392883	0.000255649282649451
0.0714699809444882	181.98	190	-30.4	13.397	13.397	0	64.8599140594832	12	0.228776440392883	0.000255535003383084
0.0717143542400209	181.98	190	-30.4	13.397	13.397	0	64.9070751396216	12	0.228776440392883	0.000255802520462332
0.0716786619413879	181.98	190	-30.4	13.397	13.397	0	64.8972559155738	12	0.228776440392883	0.000255677864955027
0.0715858238683545	181.98	190	-30.4	13.397	13.397	0	64.8955082952419	12	0.228776440392883	0.000255690988540876
0.0715815978506982	181.98	190	-30.4	13.397	13.397	0	64.8485888623975	12	0.228776440392883	0.000255198517452751
0.0716698129379674	181.98	190	-30.4	13.397	13.397	0	64.8566301469929	12	0.228776440392883	0.000255262902525715
0.0714960048345996	181.98	190	-30.4	13.397	13.397	0	64.8013066652939	12	0.228776440392883	0.000254822522491724
0.0715776305816451	181.98	190	-30.4	13.397	13.397	0	64.8180900718599	12	0.228776440392883	0.000254880941013893
0.0715560190895246	181.98	190	-30.4	13.397	13.397	0	64.8165512572074	12	0.228776440392883	0.000254886740874004
0.0717004832624701	181.98	190	-30.4	13.397	13.397	0	64.9158336427604	12	0.228776440392883	0.000255878100256186
0.0715426398375864	181.98	190	-30.4	13.397	13.397	0	64.8108654693133	12	0.228776440392883	0.000254843538292637
0.0716080678668641	181.98	190	-30.4	13.397	13.397	0	64.7797225755831	12	0.228776440392883	0.000254467969167512
0.0716069612166893	181.98	190	-30.4	13.397	13.397	0	64.8534697781782	12	0.228776440392883	0.000255231001507057
0.0715425535684072	181.98	190	-30.4	13.397	13.397	0	64.8833579312566	12	0.228776440392883	0.000255623550933379
0.0716956013985569	181.98	190	-30.4	13.397	13.397	0	64.9167941182703	12	0.228776440392883	0.000255884449437868
0.0715914791217703	181.98	190	-30.4	13.397	13.397	0	64.8016211340864	12	0.228776440392883	0.000254699401781598
0.0716265792689512	181.98	190	-30.4	13.397	13.397	0	64.9640887674125	12	0.228776440392883	0.000256378094474392
0.0717220431581255	181.98	190	-30.4	13.397	13.397	0	64.9425077614216	12	0.228776440392883	0.000256163378130243
0.0714889414934297	181.98	190	-30.4	13.397	13.397	0	64.8645547151855	12	0.228776440392883	0.000255534799470007
0.0716062702670694	181.98	190	-30.4	13.397	13.397	0	64.8300202941181	12	0.228776440392883	0.000254987449726849
0.0714444926596189	181.98	190	-30.4	13.397	13.397	0	64.875851208052	12	0.228776440392883	0.000255794451717894
0.0713573229984621	181.98	190	-30.4	13.397	13.397	0	64.8709839688611	12	0.228776440392883	0.000256095969351222
0.071623405302792	181.98	190	-30.4	13.397	13.397	0	64.8419431951756	12	0.228776440392883	0.00025510552429623
0.0713876403607522	181.98	190	-30.4	13.397	13.397	0	64.8998005337849	12	0.228776440392883	0.00025629394109995
0.0714242393302252	181.98	190	-30.4	13.397	13.397	0	64.878183236344	12	0.228776440392883	0.000255893316223641
0.0714340780519012	181.98	190	-30.4	13.397	13.397	0	64.8176664400071	12	0.228776440392883	0.000255170788531538
0.0714101866938368	181.98	190	-30.4	13.397	13.397	0	64.843543652459	12	0.228776440392883	0.000255549223821903
0.0715101570958846	181.98	190	-30.4	13.397	13.397	0	64.9309025311528	12	0.228776440392883	0.000256216172375206
0.0717050832969386	181.98	190	-30.4	13.397	13.397	0	64.9416331152807	12	0.228776440392883	0.000256140937278168
0.0716226224459477	181.98	190	-30.4	13.397	13.397	0	64.8261665961297	12	0.228776440392883	0.000254943227250767
0.0716007890041392	181.98	190	-30.4	13.397	13.397	0	64.8034676854852	12	0.228776440392883	0.00025471443024998
0.0715946961072576	181.98	190	-30.4	13.397	13.397	0	64.9027794565335	12	0.228776440392883	0.000255758686700442
0.0715694050407023	181.98	190	-30.4	13.397	13.397	0	64.8293577731166	12	0.228776440392883	0.000255007461569774
0.0714918814143223	181.98	190	-30.4	13.397	13.397	0	64.783245789536	12	0.228776440392883	0.000254634309877532
0.0717012951543804	181.98	190	-30.4	13.397	13.397	0	64.8061950555912	12	0.228776440392883	0.000254790286071375
0.0715606813635765	181.98	190	-30.4	13.397	13.397	0	64.8147569516592	12	0.228776440392883	0.000254862325513547
0.0716503249592937	181.98	190	-30.4	13.397	13.397	0	64.9099884265328	12	0.228776440392883	0.000255803046197732
0.0716316601641172	181.98	190	-30.4	13.397	13.397	0	64.9810067064662	12	0.228776440392883	0.000256552618605032
0.0714450342218104	181.98	190	-30.4	13.397	13.397	0	64.8474815077932	12	0.228776440392883	0.000255471633486579
0.0715098870288123	181.98	190	-30.4	13.397	13.397	0	64.9675582605819	12	0.228776440392883	0.000256625620253672
0.0716053899098462	181.98	190	-30.4	13.397	13.397	0	64.9248504815673	12	0.228776440392883	0.000255981934744545
0.0715646821648374	181.98	190	-30.4	13.397	13.397	0	64.8024949029596	12	0.228776440392883	0.000254728570616614
0.0716144256715012	181.98	190	-30.4	13.397	13.397	0	64.8955869220759	12	0.228776440392883	0.000255666675372916
0.0716163923212765	181.98	190	-30.4	13.397	13.397	0	64.9045838687772	12	0.228776440392883	0.00025575967069292
0.0718364040655084	181.98	190	-30.4	13.397	13.397	0	64.9423794176488	12	0.228776440392883	0.000256383596215468
0.0714625316703197	181.98	190	-30.4	13.397	13.397	0	64.8978205198533	12	0.228776440392883	0.000255983633540089
0.0715131527396573	181.98	190	-30.4	13.397	13.397	0	64.9816904926632	12	0.228776440392883	0.000256774694139541
0.0716714948952191	181.98	190	-30.4	13.397	13.397	0	64.9136142170425	12	0.228776440392883	0.000255841672660901
0.0714806647851967	181.98	190	-30.4	13.397	13.397	0	64.8834187562106	12	0.228776440392883	0.000255767111099096
0.0716913789469054	181.98	190	-30.4	13.397	13.397	0	64.7889310806425	12	0.228776440392883	0.000254607929715661
0.0713809896097129	181.98	190	-30.4	13.397	13.397	0	64.8990967951875	12	0.228776440392883	0.000256315758786309
0.0714780795260611	181.98	190	-30.4	13.397	13.397	0	64.825035162586	12	0.228776440392883	0.000255125202368219
0.0716348540391713	181.98	190	-30.4	13.397	13.397	0	64.9053834881835	12	0.228776440392883	0.000255758842434122
0.0716376942930272	181.98	190	-30.4	13.397	13.397	0	64.8528113760019	12	0.228776440392883	0.000255215841210461
0.0716516863231013	181.98	190	-30.4	13.397	13.397	0	64.8935663723124	12	0.228776440392883	0.000255634036672167
0.0716297968809313	181.98	190	-30.4	13.397	13.397	0	64.9793995480029	12	0.228776440392883	0.000256537162051424
0.0715628230328975	181.98	190	-30.4	13.397	13.397	0	64.824361401831	12	0.228776440392883	0.000254961697164362
0.0717069363926913	181.98	190	-30.4	13.397	13.397	0	64.8957753176764	12	0.228776440392883	0.000255682696190767
0.0716852984097829	181.98	190	-30.4	13.397	13.397	0	64.907889279544	12	0.228776440392883	0.000255788664894203
0.0715171650134986	181.98	190	-30.4	13.397	13.397	0	64.8326123358794	12	0.228776440392883	0.000255120312611339
0.0715420603553487	181.98	190	-30.4	13.397	13.397	0	64.8055108846774	12	0.228776440392883	0.000254787172787036
0.0713707846137115	181.98	190	-30.4	13.397	13.397	0	64.8501501884562	12	0.228776440392883	0.000255788685941421
0.0717102038387223	181.98	190	-30.4	13.397	13.397	0	64.9531911001278	12	0.228776440392883	0.000256260870303738
0.0716260450685131	181.98	190	-30.4	13.397	13.397	0	64.9298638899204	12	0.228776440392883	0.000256018501140698
0.0716576507301019	181.98	190	-30.4	13.397	13.397	0	64.9124155937479	12	0.228776440392883	0.000255827682492006
0.0714195947525222	181.98	190	-30.4	13.397	13.397	0	64.8471432733788	12	0.228776440392883	0.000255555383857099
0.0716734619507373	181.98	190	-30.4	13.397	13.397	0	64.8755533839312	12	0.228776440392883	0.000255455840989837
0.0714313281415077	181.98	190	-30.4	13.397	13.397	0	64.8501445875008	12	0.228776440392883	0.000255547750346422
0.0715407093436497	181.98	190	-30.4	13.397	13.397	0	64.8100487816146	12	0.228776440392883	0.000254837531874984
0.0714798289138365	181.98	190	-30.4	13.397	13.397	0	64.8073375263882	12	0.228776440392883	0.000254925534576796
0.0717485252631771	181.98	190	-30.4	13.397	13.397	0	64.9074778731073	12	0.228776440392883	0.000255851004068565
0.0714651511645153	181.98	190	-30.4	13.397	13.397	0	64.7987143886408	12	0.228776440392883	0.000254867496358845
0.0717419049285605	181.98	190	-30.4	13.397	13.397	0	64.8348718228727	12	0.228776440392883	0.000255134523332956
0.0714494224329878	181.98	190	-30.4	13.397	13.397	0	64.8737055629145	12	0.228776440392883	0.000255753641830252
0.0715213010109039	181.98	190	-30.4	13.397	13.397	0	64.8774240474103	12	0.228776440392883	0.000255600413653329
0.0717058646721712	181.98	190	-30.4	13.397	13.397	0	64.9144898594469	12	0.228776440392883	0.00025586878148208
0.0716587616208031	181.98	190	-30.4	13.397	13.397	0	64.9081562208085	12	0.228776440392883	0.000255783985660771
0.0713832875823263	181.98	190	-30.4	13.397	13.397	0	64.938213792998	12	0.228776440392883	0.000256765520932427
0.0714785340512157	181.98	190	-30.4	13.397	13.397	0	64.7991027138394	12	0.228776440392883	0.0002548380324704
0.0717040106709317	181.98	190	-30.4	13.397	13.397	0	64.8641013226067	12	0.228776440392883	0.000255364756557879
0.07160745709214	181.98	190	-30.4	13.397	13.397	0	64.9853037188631	12	0.228776440392883	0.000256623060108004
0.0716158731750007	181.98	190	-30.4	13.397	13.397	0	64.8583800190845	12	0.228776440392883	0.000255277878066723
0.0714049536543186	181.98	190	-30.4	13.397	13.397	0	64.9030299972557	12	0.228776440392883	0.000256256588022239
0.0716208487746434	181.98	190	-30.4	13.397	13.397	0	64.8112165088472	12	0.228776440392883	0.000254789872412238
0.0713420316535561	181.98	190	-30.4	13.397	13.397	0	64.8883432701305	12	0.228776440392883	0.000256378173413884
0.0714723511899705	181.98	190	-30.4	13.397	13.397	0	64.7917985257782	12	0.228776440392883	0.000254772714818911
0.0715620081365799	181.98	190	-30.4	13.397	13.397	0	64.8223343491805	12	0.228776440392883	0.000254941128798791
0.0717759722773235	181.98	190	-30.4	13.397	13.397	0	64.8468357644671	12	0.228776440392883	0.000255321899400535
0.0717108346886848	181.98	190	-30.4	13.397	13.397	0	64.936175352631	12	0.228776440392883	0.000256090224131063
0.071443110066711	181.98	190	-30.4	13.397	13.397	0	64.8402445175889	12	0.228776440392883	0.000255396199272572
0.0716075593320523	181.98	190	-30.4	13.397	13.397	0	64.8278853566521	12	0.228776440392883	0.000254964787915882
0.0715021054061897	181.98	190	-30.4	13.397	13.397	0	64.8026164252721	12	0.228776440392883	0.000254824097202524
0.0715352269713323	181.98	190	-30.4	13.397	13.397	0	64.7958506014166	12	0.228776440392883	0.000254693612262164
0.0715568407005495	181.98	190	-30.4	13.397	13.397	0	64.800477896249	12	0.228776440392883	0.000254715401881859
0.0716390964646568	181.98	190	-30.4	13.397	13.397	0	64.9328383111888	12	0.228776440392883	0.000256042782692885
0.0717454787473604	181.98	190	-30.4	13.397	13.397	0	64.9186260614675	12	0.228776440392883	0.000255955453110916
0.0716682030439388	181.98	190	-30.4	13.397	13.397	0	64.8605979628076	12	0.228776440392883	0.000255302170922631
0.0715298090685046	181.98	190	-30.4	13.397	13.397	0	64.8811306819636	12	0.228776440392883	0.000255623423211196
0.0716295825433188	181.98	190	-30.4	13.397	13.397	0	64.891045664545	12	0.228776440392883	0.000255611819778523
0.0715127263838927	181.98	190	-30.4	13.397	13.397	0	64.8451077677558	12	0.228776440392883	0.000255265319036848
0.0714853254254423	181.98	190	-30.4	13.397	13.397	0	64.8334873976257	12	0.228776440392883	0.000255200327165115
0.0713925681574375	181.98	190	-30.4	13.397	13.397	0	64.9109587339595	12	0.228776440392883	0.000256402543728897
0.0714437310955004	181.98	190	-30.4	13.397	13.397	0	64.7826421286049	12	0.228776440392883	0.00025474819448464
0.0716232037921472	181.98	190	-30.4	13.397	13.397	0	64.9044114100407	12	0.228776440392883	0.000255753825573284
0.0715459275966445	181.98	190	-30.4	13.397	13.397	0	64.8229173740264	12	0.228776440392883	0.000254967706470121
0.0714182525535665	181.98	190	-30.4	13.397	13.397	0	64.8897569894765	12	0.228776440392883	0.000256049182778789
0.0715515891011102	181.98	190	-30.4	13.397	13.397	0	64.8223382522509	12	0.228776440392883	0.000254953854583345
0.0717132256797565	181.98	190	-30.4	13.397	13.397	0	64.9085775206667	12	0.228776440392883	0.000255816359505694
0.0715329213570716	181.98	190	-30.4	13.397	13.397	0	64.8185198507689	12	0.228776440392883	0.000254940109138486
0.0713744637335603	181.98	190	-30.4	13.397	13.397	0	64.8616517962143	12	0.228776440392883	0.000255906655100144
0.0714222953313421	181.98	190	-30.4	13.397	13.397	0	64.9067635847485	12	0.228776440392883	0.000256229339228138
0.0715398409952675	181.98	190	-30.4	13.397	13.397	0	64.8119115232349	12	0.228776440392883	0.000254858697798222
0.0717701901188102	181.98	190	-30.4	13.397	13.397	0	64.9208478650739	12	0.228776440392883	0.000256018861078683
0.0716826863421816	181.98	190	-30.4	13.397	13.397	0	64.8864269558931	12	0.228776440392883	0.000255570504859385
0.0715539683475064	181.98	190	-30.4	13.397	13.397	0	64.9328674303391	12	0.228776440392883	0.000256140249516184
0.0717485799432285	181.98	190	-30.4	13.397	13.397	0	64.9348153000933	12	0.228776440392883	0.000256118957949375
0.0715945798755287	181.98	190	-30.4	13.397	13.397	0	64.8200858991746	12	0.228776440392883	0.000254889904753342
0.0714309419175692	181.98	190	-30.4	13.397	13.397	0	64.8690191831741	12	0.228776440392883	0.000255763991013577
0.0714262497219532	181.98	190	-30.4	13.397	13.397	0	64.7959964156259	12	0.228776440392883	0.000254951926285609
0.0713533923610661	181.98	190	-30.4	13.397	13.397	0	64.9091918268633	12	0.228776440392883	0.000256568362435645
0.0717046497568469	181.98	190	-30.4	13.397	13.397	0	64.8937207086612	12	0.228776440392883	0.000255660075549206
0.071614280021148	181.98	190	-30.4	13.397	13.397	0	64.973075001544	12	0.228776440392883	0.000256484740176003
0.0718764201285256	181.98	190	-30.4	13.397	13.397	0	64.8984021318489	12	0.228776440392883	0.00025611463119384
0.0715547989800825	181.98	190	-30.4	13.397	13.397	0	64.7704319712199	12	0.228776440392883	0.000254400373469304
0.0717348467192682	181.98	190	-30.4	13.397	13.397	0	64.7945893813562	12	0.228776440392883	0.000254733174389806
0.0716860983451898	181.98	190	-30.4	13.397	13.397	0	64.8803323636166	12	0.228776440392883	0.000255511280167121
0.0714055669771331	181.98	190	-30.4	13.397	13.397	0	64.8449749214799	12	0.228776440392883	0.000255583361337936
0.0713444639022429	181.98	190	-30.4	13.397	13.397	0	64.8834787072728	12	0.228776440392883	0.000256307763180659
0.0715435665841643	181.98	190	-30.4	13.397	13.397	0	64.9246031592492	12	0.228776440392883	0.00025607023513355
0.0715495754583913	181.98	190	-30.4	13.397	13.397	0	64.8502581105109	12	0.228776440392883	0.000255255185588423
0.0715925577579085	181.98	190	-30.4	13.397	13.397	0	64.8008621177097	12	0.228776440392883	0.000254690967465593
0.0713373241907728	181.98	190	-30.4	13.397	13.397	0	64.819359353103	12	0.228776440392883	0.000255583494046312
0.071692016473371	181.98	190	-30.4	13.397	13.397	0	64.8526481034426	12	0.228776440392883	0.000255238994668193
0.0715840250885496	181.98	190	-30.4	13.397	13.397	0	64.8232908422095	12	0.228776440392883	0.00025493039848878
0.0715287949486992	181.98	190	-30.4	13.397	13.397	0	64.8311771894612	12	0.228776440392883	0.000255083367769261
0.0715555215420172	181.98	190	-30.4	13.397	13.397	0	64.8028405622294	12	0.228776440392883	0.000254741889605956
0.0715167261237638	181.98	190	-30.4	13.397	13.397	0	64.9080042890302	12	0.228776440392883	0.000255946473599171
0.0715405066887689	181.98	190	-30.4	13.397	13.397	0	64.8117701462144	12	0.228776440392883	0.000254856225874246
0.0716282200019314	181.98	190	-30.4	13.397	13.397	0	64.8351376641694	12	0.228776440392883	0.000255034857809907
0.0714728628478179	181.98	190	-30.4	13.397	13.397	0	64.8102390378885	12	0.228776440392883	0.000254974961408575
0.0717034383994907	181.98	190	-30.4	13.397	13.397	0	64.9123504435367	12	0.228776440392883	0.000255845380349059
0.0716719080177717	181.98	190	-30.4	13.397	13.397	0	64.9202332772952	12	0.228776440392883	0.00025590933130247
0.0714732821595904	181.98	190	-30.4	13.397	13.397	0	64.8935255456572	12	0.228776440392883	0.000255901842153655
0.0713635006579236	181.98	190	-30.4	13.397	13.397	0	64.8229168695043	12	0.228776440392883	0.000255503184513989
0.0717973019643545	181.98	190	-30.4	13.397	13.397	0	64.9561288255034	12	0.228776440392883	0.000256414288299063
0.0713878153143203	181.98	190	-30.4	13.397	13.397	0	64.9384324765864	12	0.228776440392883	0.000256746783957069
0.0716255347571275	181.98	190	-30.4	13.397	13.397	0	64.8963617320424	12	0.228776440392883	0.000255668724336125
0.071559246018498	181.98	190	-30.4	13.397	13.397	0	64.793093923323	12	0.228776440392883	0.000254634827635415
0.0715105616014576	181.98	190	-30.4	13.397	13.397	0	64.8372521368262	12	0.228776440392883	0.000255184100032708
0.0715048670598281	181.98	190	-30.4	13.397	13.397	0	64.9860028172259	12	0.228776440392883	0.000256847090794892
0.0714489140424284	181.98	190	-30.4	13.397	13.397	0	64.9302420974397	12	0.228776440392883	0.000256398633524195
0.0717025296642652	181.98	190	-30.4	13.397	13.397	0	64.7881647949226	12	0.228776440392883	0.000254615546118924
0.0714345376095549	181.98	190	-30.4	13.397	13.397	0	64.8323728249274	12	0.228776440392883	0.000255335375033162
0.0715112012566366	181.98	190	-30.4	13.397	13.397	0	64.8165651312573	12	0.228776440392883	0.000254957606674397
0.0716960640868518	181.98	190	-30.4	13.397	13.397	0	64.913196242692	12	0.228776440392883	0.000255848509838325
0.0713805023011573	181.98	190	-30.4	13.397	13.397	0	64.844491695199	12	0.228776440392883	0.000255680114873605
0.0715846346347216	181.98	190	-30.4	13.397	13.397	0	64.8356131593251	12	0.228776440392883	0.000255059237229885
0.0715059915518882	181.98	190	-30.4	13.397	13.397	0	64.8680639248131	12	0.228776440392883	0.000255531694298368
0.0715203178322274	181.98	190	-30.4	13.397	13.397	0	64.8303359802207	12	0.228776440392883	0.000255089586659027
0.0715179276962504	181.98	190	-30.4	13.397	13.397	0	64.8255230950263	12	0.228776440392883	0.000255041898308606
0.0714562716488641	181.98	190	-30.4	13.397	13.397	0	64.9559543067553	12	0.228776440392883	0.000256666305300401
0.071683508111591	181.98	190	-30.4	13.397	13.397	0	64.91853364265	12	0.228776440392883	0.000255895673387852
0.0718234851927935	181.98	190	-30.4	13.397	13.397	0	64.8132754182587	12	0.228776440392883	0.000255147057954614
0.0714756603701926	181.98	190	-30.4	13.397	13.397	0	64.9659214596266	12	0.228776440392883	0.000256712358625949
0.0715826508774287	181.98	190	-30.4	13.397	13.397	0	64.8529468157129	12	0.228776440392883	0.000255243511086144
0.0716146263208897	181.98	190	-30.4	13.397	13.397	0	64.801148675926	12	0.228776440392883	0.000254687129329167
0.0715956926432322	181.98	190	-30.4	13.397	13.397	0	64.7987801591213	12	0.228776440392883	0.000254667909653159
0.0714163510850405	181.98	190	-30.4	13.397	13.397	0	64.8625725126506	12	0.228776440392883	0.00025574404827149
0.0713997814906256	181.98	190	-30.4	13.397	13.397	0	64.887955729615	12	0.228776440392883	0.000256103229576235
0.071430040009283	181.98	190	-30.4	13.397	13.397	0	64.8384277317569	12	0.228776440392883	0.000255419159897665
0.0713594337693672	181.98	190	-30.4	13.397	13.397	0	64.8770032026712	12	0.228776440392883	0.000256156862766841
0.0715730313874381	181.98	190	-30.4	13.397	13.397	0	64.8494873936398	12	0.228776440392883	0.000255216708923944
0.0714883853468666	181.98	190	-30.4	13.397	13.397	0	64.8017944535798	12	0.228776440392883	0.000254844576400093
0.0714581009832284	181.98	190	-30.4	13.397	13.397	0	64.7793050135027	12	0.228776440392883	0.000254671225141174
0.0715200528547972	181.98	190	-30.4	13.397	13.397	0	64.8084478451808	12	0.228776440392883	0.000254853238332395
0.0716023608071864	181.98	190	-30.4	13.397	13.397	0	64.7930174974771	12	0.228776440392883	0.000254605916037033
0.0717039354873322	181.98	190	-30.4	13.397	13.397	0	64.9129316379045	12	0.228776440392883	0.000255851602460844
0.0714519679861751	181.98	190	-30.4	13.397	13.397	0	64.8150253541182	12	0.228776440392883	0.000255085708206895
0.0716336081966476	181.98	190	-30.4	13.397	13.397	0	64.8897232851961	12	0.228776440392883	0.000255596836695694
0.0715746964358929	181.98	190	-30.4	13.397	13.397	0	64.8543785040857	12	0.228776440392883	0.000255266738934681
0.0716209362808554	181.98	190	-30.4	13.397	13.397	0	64.9303547963873	12	0.228776440392883	0.000256027072625574
0.071504995264988	181.98	190	-30.4	13.397	13.397	0	64.8045647102641	12	0.228776440392883	0.000254839465268887
0.0715038590694151	181.98	190	-30.4	13.397	13.397	0	64.8081251845353	12	0.228776440392883	0.000254880482669651
0.0714252241177741	181.98	190	-30.4	13.397	13.397	0	64.8530347728023	12	0.228776440392883	0.000255602217220354
0.0717554278451184	181.98	190	-30.4	13.397	13.397	0	64.909411236438	12	0.228776440392883	0.000255881250334482
0.0715721751344695	181.98	190	-30.4	13.397	13.397	0	64.8437530202027	12	0.228776440392883	0.000255156879965083
0.0716329351900841	181.98	190	-30.4	13.397	13.397	0	64.8494118406324	12	0.228776440392883	0.000255181134032715
0.0715922408143766	181.98	190	-30.4	13.397	13.397	0	64.8141559668568	12	0.228776440392883	0.000254829448906377
0.0714411164795199	181.98	190	-30.4	13.397	13.397	0	64.8233775045718	12	0.228776440392883	0.000255212534673436
0.0713915023754313	181.98	190	-30.4	13.397	13.397	0	64.8324898614456	12	0.228776440392883	0.000255495281366014
0.0715803605151187	181.98	190	-30.4	13.397	13.397	0	64.9762625203877	12	0.228776440392883	0.000256564894241889
0.0715964599322399	181.98	190	-30.4	13.397	13.397	0	64.8037143795129	12	0.228776440392883	0.000254718746655616
0.0715736474234658	181.98	190	-30.4	13.397	13.397	0	64.8539927720898	12	0.228776440392883	0.000255263798435618
0.0716033793512095	181.98	190	-30.4	13.397	13.397	0	64.8211307104868	12	0.228776440392883	0.000254896431077829
0.0715977407802977	181.98	190	-30.4	13.397	13.397	0	64.8504084859569	12	0.228776440392883	0.000255204606105752
0.071685479176933	181.98	190	-30.4	13.397	13.397	0	64.8497374332415	12	0.228776440392883	0.00025520424788414
0.0716983921173168	181.98	190	-30.4	13.397	13.397	0	64.8845015984298	12	0.228776440392883	0.000255562461031272
0.0716403805502263	181.98	190	-30.4	13.397	13.397	0	65.006185975751	12	0.228776440392883	0.000256811652566292
0.0716658907274376	181.98	190	-30.4	13.397	13.397	0	64.8890791368595	12	0.228776440392883	0.000255590194475657
0.0716355498794277	181.98	190	-30.4	13.397	13.397	0	64.8187314411343	12	0.228776440392883	0.000254867239016572
0.0716509037313017	181.98	190	-30.4	13.397	13.397	0	64.8078260092377	12	0.228776440392883	0.000254761270179528
0.0713904195789578	181.98	190	-30.4	13.397	13.397	0	64.7935869317529	12	0.228776440392883	0.000255052113027589
0.0716653768674553	181.98	190	-30.4	13.397	13.397	0	64.8522197641717	12	0.228776440392883	0.000255216181589058
0.0714662592741923	181.98	190	-30.4	13.397	13.397	0	64.9130944245232	12	0.228776440392883	0.000256144272416153
0.071502414828476	181.98	190	-30.4	13.397	13.397	0	64.8773426342536	12	0.228776440392883	0.000255642439234238
0.0715681446827601	181.98	190	-30.4	13.397	13.397	0	64.8707592302139	12	0.228776440392883	0.000255448730965009
0.0714578875334515	181.98	190	-30.4	13.397	13.397	0	64.8479768982208	12	0.228776440392883	0.000255437031517427
0.0716408684534234	181.98	190	-30.4	13.397	13.397	0	64.9150177724546	12	0.228776440392883	0.000255856913605757
0.0716881414683279	181.98	190	-30.4	13.397	13.397	0	64.8709697857549	12	0.228776440392883	0.000255418776721363
0.0715547884102215	181.98	190	-30.4	13.397	13.397	0	64.9043650637016	12	0.228776440392883	0.000255829643014575
0.0713800206989368	181.98	190	-30.4	13.397	13.397	0	64.845680938062	12	0.228776440392883	0.00025569601104352
0.0715726886899649	181.98	190	-30.4	13.397	13.397	0	64.9504999593074	12	0.228776440392883	0.000256298719762391
0.0714619797746198	181.98	190	-30.4	13.397	13.397	0	64.7999681732128	12	0.228776440392883	0.000254889836671028
0.0718518223380913	181.98	190	-30.4	13.397	13.397	0	64.9248849289544	12	0.228776440392883	0.000256268793977374
0.0715978303433189	181.98	190	-30.4	13.397	13.397	0	65.0062529647085	12	0.228776440392883	0.000256861524264384
0.0714954599045743	181.98	190	-30.4	13.397	13.397	0	64.8054087771275	12	0.228776440392883	0.000254868477403299
0.0715969625261996	181.98	190	-30.4	13.397	13.397	0	64.7792944123458	12	0.228776440392883	0.000254465893660837
0.0714552180492455	181.98	190	-30.4	13.397	13.397	0	64.8119390224243	12	0.228776440392883	0.00025504180108781
0.0714895842934914	181.98	190	-30.4	13.397	13.397	0	64.7947277922159	12	0.228776440392883	0.000254764568868196
0.0714325256057443	181.98	190	-30.4	13.397	13.397	0	64.8573234768357	12	0.228776440392883	0.000255625187066181
0.0716168096381328	181.98	190	-30.4	13.397	13.397	0	64.9544762614167	12	0.228776440392883	0.000256284877120394
0.0715735077374373	181.98	190	-30.4	13.397	13.397	0	64.8648872345996	12	0.228776440392883	0.000255379621932639
0.0716378848370667	181.98	190	-30.4	13.397	13.397	0	64.8993488674394	12	0.228776440392883	0.000255695365441112
0.0714569402215194	181.98	190	-30.4	13.397	13.397	0	64.81387310149	12	0.228776440392883	0.000255058441657754
0.0715648691698225	181.98	190	-30.4	13.397	13.397	0	64.8773956622618	12	0.228776440392883	0.000255524015248568
0.0715623222788438	181.98	190	-30.4	13.397	13.397	0	64.9102998913543	12	0.228776440392883	0.000255881331063277
0.0715356956273028	181.98	190	-30.4	13.397	13.397	0	64.8173253606057	12	0.228776440392883	0.000254922913891465
0.0716635674663019	181.98	190	-30.4	13.397	13.397	0	64.8130045233619	12	0.228776440392883	0.000254820399734867
0.0716145683260211	181.98	190	-30.4	13.397	13.397	0	64.8724529217053	12	0.228776440392883	0.000255424894630447
0.0717486540864612	181.98	190	-30.4	13.397	13.397	0	64.8218725412995	12	0.228776440392883	0.000255022810194933
0.0713604573045769	181.98	190	-30.4	13.397	13.397	0	64.8778880953857	12	0.228776440392883	0.000256162388060428
0.0715008154361175	181.98	190	-30.4	13.397	13.397	0	64.9447824707341	12	0.228776440392883	0.000256396212337223
0.071476168276478	181.98	190	-30.4	13.397	13.397	0	64.8084115055397	12	0.228776440392883	0.000254946403517106
0.0715954840005741	181.98	190	-30.4	13.397	13.397	0	64.8354120726904	12	0.228776440392883	0.000255049264426213
0.0715065061785824	181.98	190	-30.4	13.397	13.397	0	64.8065273087017	12	0.228776440392883	0.000254857791864072
0.0714702257184433	181.98	190	-30.4	13.397	13.397	0	64.8050396375563	12	0.228776440392883	0.000254924258118951
0.0718059800399217	181.98	190	-30.4	13.397	13.397	0	64.9248907743652	12	0.228776440392883	0.000256136208317599
0.0714388077360229	181.98	190	-30.4	13.397	13.397	0	64.7896544164782	12	0.228776440392883	0.000254841151079644
0.0714344631636243	181.98	190	-30.4	13.397	13.397	0	64.8151425406669	12	0.228776440392883	0.000255141078875236
0.0716004823029823	181.98	190	-30.4	13.397	13.397	0	64.8321400327539	12	0.228776440392883	0.000255012232577693
0.0717253126378496	181.98	190	-30.4	13.397	13.397	0	64.9409390437759	12	0.228776440392883	0.000256150933803332
0.0716529519720904	181.98	190	-30.4	13.397	13.397	0	64.8478338257703	12	0.228776440392883	0.000255167095967451
0.0716340254187068	181.98	190	-30.4	13.397	13.397	0	64.8739423245547	12	0.228776440392883	0.000255433589894012
0.0716208203492982	181.98	190	-30.4	13.397	13.397	0	64.9402779815681	12	0.228776440392883	0.000256131575383202
0.0714071008775701	181.98	190	-30.4	13.397	13.397	0	64.880620721255	12	0.228776440392883	0.000255988081571598
0.0717543587837263	181.98	190	-30.4	13.397	13.397	0	64.9793622393984	12	0.228776440392883	0.000256566133080189
0.0716519557678025	181.98	190	-30.4	13.397	13.397	0	64.9253360147566	12	0.228776440392883	0.000255961234482136
0.0716129762910732	181.98	190	-30.4	13.397	13.397	0	64.904242802539	12	0.228776440392883	0.000255758414847752
0.0716376320435762	181.98	190	-30.4	13.397	13.397	0	64.9060023701838	12	0.228776440392883	0.00025576437595208
0.0715532201412578	181.98	190	-30.4	13.397	13.397	0	64.8498175186834	12	0.228776440392883	0.000255245148287321
0.0713716722187539	181.98	190	-30.4	13.397	13.397	0	64.8702554846885	12	0.228776440392883	0.000256020035513221
0.071556118598609	181.98	190	-30.4	13.397	13.397	0	64.8173296760904	12	0.228776440392883	0.000254894888988138
0.0715272002512249	181.98	190	-30.4	13.397	13.397	0	64.8135258379134	12	0.228776440392883	0.000254895729873136
0.0715254208401125	181.98	190	-30.4	13.397	13.397	0	64.8176184114103	12	0.228776440392883	0.00025494286073614
0.0713921404945407	181.98	190	-30.4	13.397	13.397	0	64.893300883162	12	0.228776440392883	0.00025619814460922
0.0716068738360184	181.98	190	-30.4	13.397	13.397	0	64.8570635216112	12	0.228776440392883	0.000255268523026315
0.0716937721050286	181.98	190	-30.4	13.397	13.397	0	64.8837634917397	12	0.228776440392883	0.000255551284408126
0.0715784581407781	181.98	190	-30.4	13.397	13.397	0	64.9316657701622	12	0.228776440392883	0.000256086800054734
0.0716287274194676	181.98	190	-30.4	13.397	13.397	0	64.9029407965709	12	0.228776440392883	0.00025573581824244
0.0716193016062032	181.98	190	-30.4	13.397	13.397	0	64.8804171634476	12	0.228776440392883	0.000255505550406594
0.0716608701128686	181.98	190	-30.4	13.397	13.397	0	64.9153302214395	12	0.228776440392883	0.00025585770450193
0.0714844520331945	181.98	190	-30.4	13.397	13.397	0	64.8175810629429	12	0.228776440392883	0.000255027122373268
0.0714884296609306	181.98	190	-30.4	13.397	13.397	0	64.849128410793	12	0.228776440392883	0.000255365345809781
0.0715148346676191	181.98	190	-30.4	13.397	13.397	0	64.8076361956319	12	0.228776440392883	0.000254853880903396
0.0713313892506123	181.98	190	-30.4	13.397	13.397	0	64.8183781422416	12	0.228776440392883	0.00025560107606539
0.0716092086523427	181.98	190	-30.4	13.397	13.397	0	64.8310120271314	12	0.228776440392883	0.000254996566176505
0.0717440160776919	181.98	190	-30.4	13.397	13.397	0	64.9388709790062	12	0.228776440392883	0.000256152506751394
0.0715277707721643	181.98	190	-30.4	13.397	13.397	0	64.8934730634514	12	0.228776440392883	0.000255762336902085
0.0715894005828213	181.98	190	-30.4	13.397	13.397	0	64.855503664104	12	0.228776440392883	0.000255264416752312
0.0716292724918306	181.98	190	-30.4	13.397	13.397	0	64.9994364409024	12	0.228776440392883	0.000256749832454642
0.0714652651676389	181.98	190	-30.4	13.397	13.397	0	64.8257908779924	12	0.228776440392883	0.00025516776744226
0.0714216187013801	181.98	190	-30.4	13.397	13.397	0	64.928368195855	12	0.228776440392883	0.000256481707533616
0.0715390936603722	181.98	190	-30.4	13.397	13.397	0	64.8103375105712	12	0.228776440392883	0.000254842941969119
0.0716236734860894	181.98	190	-30.4	13.397	13.397	0	64.9061200477898	12	0.228776440392883	0.000255771420182633
0.0713628243073163	181.98	190	-30.4	13.397	13.397	0	64.8710809361358	12	0.228776440392883	0.000256070871444302
0.0713897437945596	181.98	190	-30.4	13.397	13.397	0	64.934997022161	12	0.228776440392883	0.000256697375127918
0.0717712429406483	181.98	190	-30.4	13.397	13.397	0	64.953779934494	12	0.228776440392883	0.000256340624652004
0.0715024043919618	181.98	190	-30.4	13.397	13.397	0	64.8148712235079	12	0.228776440392883	0.000254956985224648
0.0715244001871227	181.98	190	-30.4	13.397	13.397	0	64.9111837496736	12	0.228776440392883	0.000255963830174854
0.0715873094447151	181.98	190	-30.4	13.397	13.397	0	64.8852625493194	12	0.228776440392883	0.000255580649163383
0.071506341633767	181.98	190	-30.4	13.397	13.397	0	64.8485637269563	12	0.228776440392883	0.000255316821246714
0.071478523726275	181.98	190	-30.4	13.397	13.397	0	64.8342565312103	12	0.228776440392883	0.000255226114879776
0.071583129989698	181.98	190	-30.4	13.397	13.397	0	64.8414801012124	12	0.228776440392883	0.000255122210847899
0.0715768249568819	181.98	190	-30.4	13.397	13.397	0	64.9416851711398	12	0.228776440392883	0.000256197021835612
0.0716428579404087	181.98	190	-30.4	13.397	13.397	0	64.9130717300315	12	0.228776440392883	0.000255836210287297
0.0715824613717435	181.98	190	-30.4	13.397	13.397	0	64.8542157270737	12	0.228776440392883	0.000255257085547815
0.0714689301565613	181.98	190	-30.4	13.397	13.397	0	64.8168683996038	12	0.228776440392883	0.000255058660348272
0.0714653814599557	181.98	190	-30.4	13.397	13.397	0	64.7957884718034	12	0.228776440392883	0.000254834505375892
0.0716256606504912	181.98	190	-30.4	13.397	13.397	0	64.9078391623111	12	0.228776440392883	0.000255788329636008
0.07155596405887	181.98	190	-30.4	13.397	13.397	0	64.8383834197125	12	0.228776440392883	0.000255119188292126
0.0715911524400773	181.98	190	-30.4	13.397	13.397	0	64.9010121485695	12	0.228776440392883	0.000255743618624072
0.071953445586377	181.98	190	-30.4	13.397	13.397	0	64.8630987279163	12	0.228776440392883	0.000256161362698397
0.0715693217417118	181.98	190	-30.4	13.397	13.397	0	64.81900909507	12	0.228776440392883	0.000254898217122951
0.0716297375794338	181.98	190	-30.4	13.397	13.397	0	64.890861635263	12	0.228776440392883	0.000255609854912068
0.0714869279100176	181.98	190	-30.4	13.397	13.397	0	64.911627600951	12	0.228776440392883	0.000256064675999563
0.0713564892966152	181.98	190	-30.4	13.397	13.397	0	64.8973003560791	12	0.228776440392883	0.000256411470460863
0.0716299020028899	181.98	190	-30.4	13.397	13.397	0	64.8981098873379	12	0.228776440392883	0.000255685082512904
0.0715939780592645	181.98	190	-30.4	13.397	13.397	0	64.8224422844046	12	0.228776440392883	0.00025491481312343
0.071616225822508	181.98	190	-30.4	13.397	13.397	0	64.850345869048	12	0.228776440392883	0.000255194378942247
0.0715331039681487	181.98	190	-30.4	13.397	13.397	0	64.820546853872	12	0.228776440392883	0.000254961608712098
0.0716064135096876	181.98	190	-30.4	13.397	13.397	0	64.8515665345596	12	0.228776440392883	0.000255211457003262
0.0716584002736519	181.98	190	-30.4	13.397	13.397	0	64.8989064350401	12	0.228776440392883	0.000255689145296994
0.0718720454309434	181.98	190	-30.4	13.397	13.397	0	64.8984873609326	12	0.228776440392883	0.000256098653191129
0.0715649628212652	181.98	190	-30.4	13.397	13.397	0	64.8357755431974	12	0.228776440392883	0.000255080325588857
0.0714182244469672	181.98	190	-30.4	13.397	13.397	0	64.7759361085522	12	0.228776440392883	0.000254752055657797
0.071602145480656	181.98	190	-30.4	13.397	13.397	0	64.8227086369685	12	0.228776440392883	0.000254913345586365
0.0716376341506165	181.98	190	-30.4	13.397	13.397	0	64.8085226306883	12	0.228776440392883	0.00025476372502619
0.0714364616774606	181.98	190	-30.4	13.397	13.397	0	64.8697491080942	12	0.228776440392883	0.000255752774524737
0.0715326503019857	181.98	190	-30.4	13.397	13.397	0	64.7981159124434	12	0.228776440392883	0.00025472162605667
0.0716437322141578	181.98	190	-30.4	13.397	13.397	0	64.901384154675	12	0.228776440392883	0.00025571516503134
0.0714544345815251	181.98	190	-30.4	13.397	13.397	0	64.8002120003185	12	0.228776440392883	0.000254913345996714
0.0714435621628972	181.98	190	-30.4	13.397	13.397	0	64.8066649224099	12	0.228776440392883	0.000255017265402291
0.0714552002152276	181.98	190	-30.4	13.397	13.397	0	64.8459582219625	12	0.228776440392883	0.000255422539605441
0.0714621177753599	181.98	190	-30.4	13.397	13.397	0	64.7921498843699	12	0.228776440392883	0.000254802812141236
0.0716508170112858	181.98	190	-30.4	13.397	13.397	0	64.9030400685769	12	0.228776440392883	0.000255731437334706
0.0714394939062993	181.98	190	-30.4	13.397	13.397	0	64.8710980706439	12	0.228776440392883	0.00025575758312598
0.0714521991064977	181.98	190	-30.4	13.397	13.397	0	64.8179804084445	12	0.228776440392883	0.00025511806669007
0.0717447973018993	181.98	190	-30.4	13.397	13.397	0	64.9104482738618	12	0.228776440392883	0.000255874263699991
0.0715214035546544	181.98	190	-30.4	13.397	13.397	0	64.815187911682	12	0.228776440392883	0.000254923647444698
0.0716492189000617	181.98	190	-30.4	13.397	13.397	0	64.9049368813748	12	0.228776440392883	0.000255751091062661
0.0717161995559698	181.98	190	-30.4	13.397	13.397	0	64.9211270166653	12	0.228776440392883	0.000255944367114721
0.0717075804034201	181.98	190	-30.4	13.397	13.397	0	64.8946541574974	12	0.228776440392883	0.000255672133695918
0.0715546523652585	181.98	190	-30.4	13.397	13.397	0	64.822806272908	12	0.228776440392883	0.000254954914740168
0.0715667696329854	181.98	190	-30.4	13.397	13.397	0	64.8348711796718	12	0.228776440392883	0.000255068683580191
0.0716274219097635	181.98	190	-30.4	13.397	13.397	0	64.8533609096255	12	0.228776440392883	0.000255222491201025
0.071549168602097	181.98	190	-30.4	13.397	13.397	0	64.8725376675503	12	0.228776440392883	0.000255495364079138
0.0717519066292855	181.98	190	-30.4	13.397	13.397	0	64.9451613137358	12	0.228776440392883	0.000256225475591218
0.0715689167622866	181.98	190	-30.4	13.397	13.397	0	64.9214659123716	12	0.228776440392883	0.0002559913224844
0.0714919554512987	181.98	190	-30.4	13.397	13.397	0	64.8147077226675	12	0.228776440392883	0.000254977997746223
0.07166355129509	181.98	190	-30.4	13.397	13.397	0	64.8463117271631	12	0.228776440392883	0.000255155640655324
0.0714540636368346	181.98	190	-30.4	13.397	13.397	0	64.9560924142014	12	0.228776440392883	0.000256675936436692
0.0716074853393877	181.98	190	-30.4	13.397	13.397	0	64.8930414251854	12	0.228776440392883	0.000255644753951961
0.0717120852011967	181.98	190	-30.4	13.397	13.397	0	64.8985637420453	12	0.228776440392883	0.000255715516595431
0.0715678951832486	181.98	190	-30.4	13.397	13.397	0	64.8197081163343	12	0.228776440392883	0.000254907026153413
0.0715745923731736	181.98	190	-30.4	13.397	13.397	0	64.9458087335987	12	0.228776440392883	0.000256244961164151
0.0716146537869531	181.98	190	-30.4	13.397	13.397	0	64.8497165541201	12	0.228776440392883	0.00025518843806733
0.0714935718718623	181.98	190	-30.4	13.397	13.397	0	64.9802631758977	12	0.228776440392883	0.00025681684073634
0.0716505658194114	181.98	190	-30.4	13.397	13.397	0	64.899225106971	12	0.228776440392883	0.000255692200888081
0.0716485466464876	181.98	190	-30.4	13.397	13.397	0	64.858850175902	12	0.228776440392883	0.000255278371554492
0.0716373700694662	181.98	190	-30.4	13.397	13.397	0	64.9078303509798	12	0.228776440392883	0.000255783415554746
0.0717023572710142	181.98	190	-30.4	13.397	13.397	0	64.9433182709137	12	0.228776440392883	0.000256156208082722
0.0715795118262962	181.98	190	-30.4	13.397	13.397	0	64.8854430947154	12	0.228776440392883	0.000255591202258303
0.0717550354959255	181.98	190	-30.4	13.397	13.397	0	64.9201046321782	12	0.228776440392883	0.000255984839649978
0.0714182994480371	181.98	190	-30.4	13.397	13.397	0	64.8552526735225	12	0.228776440392883	0.000255652867288146
0.0714496451480085	181.98	190	-30.4	13.397	13.397	0	64.8717943762228	12	0.228776440392883	0.000255731286214146
0.07158047265939	181.98	190	-30.4	13.397	13.397	0	64.7994608173381	12	0.228776440392883	0.000254683540689372
0.0714125063861502	181.98	190	-30.4	13.397	13.397	0	64.897244577173	12	0.228776440392883	0.000256158423479229
0.0713061770852435	181.98	190	-30.4	13.397	13.397	0	64.8307150802121	12	0.228776440392883	0.000255879214704125
0.0715118258296548	181.98	190	-30.4	13.397	13.397	0	64.9092840332711	12	0.228776440392883	0.000255972366078546
0.0715403260368316	181.98	190	-30.4	13.397	13.397	0	64.8492601297748	12	0.228776440392883	0.000255258939636139
0.071498995173625	181.98	190	-30.4	13.397	13.397	0	64.8815132516829	12	0.228776440392883	0.000255696985432709
0.0716422092800579	181.98	190	-30.4	13.397	13.397	0	65.0218029107596	12	0.228776440392883	0.000256975369019868
0.0715451060064319	181.98	190	-30.4	13.397	13.397	0	64.8336540269501	12	0.228776440392883	0.000255083795584213
0.071478901270497	181.98	190	-30.4	13.397	13.397	0	64.806704291161	12	0.228776440392883	0.000254920823137597
0.0716616967067551	181.98	190	-30.4	13.397	13.397	0	64.9077681866807	12	0.228776440392883	0.000255780234877531
0.0713971555656206	181.98	190	-30.4	13.397	13.397	0	64.8839164910625	12	0.228776440392883	0.000256067376938651
0.0713228546215162	181.98	190	-30.4	13.397	13.397	0	64.8240271114491	12	0.228776440392883	0.000255711156568951
0.0715204350747527	181.98	190	-30.4	13.397	13.397	0	64.7973824923786	12	0.228776440392883	0.000254733241082273
0.071706722364519	181.98	190	-30.4	13.397	13.397	0	64.8106251616881	12	0.228776440392883	0.000254841130579751
0.071682080516138	181.98	190	-30.4	13.397	13.397	0	64.934781637587	12	0.228776440392883	0.000256060371416962
0.0715561819003579	181.98	190	-30.4	13.397	13.397	0	65.017280581127	12	0.228776440392883	0.000257061032261207
0.0714460416662546	181.98	190	-30.4	13.397	13.397	0	64.8130749815032	12	0.228776440392883	0.000255081573791702
0.0714729158331545	181.98	190	-30.4	13.397	13.397	0	64.7988877944515	12	0.228776440392883	0.000254849470141432
0.0713550020765261	181.98	190	-30.4	13.397	13.397	0	64.8787036953272	12	0.228776440392883	0.000256198470507637
0.0715932291927196	181.98	190	-30.4	13.397	13.397	0	64.9052997860741	12	0.228776440392883	0.000255786916565671
0.0715393127578708	181.98	190	-30.4	13.397	13.397	0	64.8895552391833	12	0.228776440392883	0.00025569673218494
0.0717774004233484	181.98	190	-30.4	13.397	13.397	0	64.923530511651	12	0.228776440392883	0.000256058859649327
0.0714616288725182	181.98	190	-30.4	13.397	13.397	0	64.824391736449	12	0.228776440392883	0.000255162378231309
0.0715542233295426	181.98	190	-30.4	13.397	13.397	0	64.9326144410577	12	0.228776440392883	0.00025613702342736
0.0715155403767461	181.98	190	-30.4	13.397	13.397	0	64.9396078685029	12	0.228776440392883	0.000256299027372441
0.0717066714593742	181.98	190	-30.4	13.397	13.397	0	64.9337725024759	12	0.228776440392883	0.000256062916511091
0.0714837629388191	181.98	190	-30.4	13.397	13.397	0	64.7743523460539	12	0.228776440392883	0.000254554714827345
0.0713783764838088	181.98	190	-30.4	13.397	13.397	0	64.8800912039456	12	0.228776440392883	0.000256104822187796
0.0715599351371121	181.98	190	-30.4	13.397	13.397	0	64.9055426560631	12	0.228776440392883	0.000255833848692895
0.0715086232376262	181.98	190	-30.4	13.397	13.397	0	64.813420448996	12	0.228776440392883	0.000254928512339133
0.0714903922631678	181.98	190	-30.4	13.397	13.397	0	64.8378172301203	12	0.228776440392883	0.000255235661225099
0.0715701465293612	181.98	190	-30.4	13.397	13.397	0	64.8299675210015	12	0.228776440392883	0.000255013139850782
0.071452195702207	181.98	190	-30.4	13.397	13.397	0	64.9126142232868	12	0.228776440392883	0.000256185876034003
0.0715899812815784	181.98	190	-30.4	13.397	13.397	0	64.8350733528972	12	0.228776440392883	0.000255049452709097
0.0715446730167337	181.98	190	-30.4	13.397	13.397	0	64.9570781161317	12	0.228776440392883	0.00025642350773572
0.0717240549814518	181.98	190	-30.4	13.397	13.397	0	64.8983242990778	12	0.228776440392883	0.000255726555237894
0.0716979979684455	181.98	190	-30.4	13.397	13.397	0	64.9909482346061	12	0.228776440392883	0.000256638224377462
0.0714556367103763	181.98	190	-30.4	13.397	13.397	0	64.8074543299268	12	0.228776440392883	0.00025499060906508
0.0715303839566393	181.98	190	-30.4	13.397	13.397	0	64.8146911935187	12	0.228776440392883	0.000254903031157568
0.0714314188830679	181.98	190	-30.4	13.397	13.397	0	64.8729239666828	12	0.228776440392883	0.000255806826281736
0.0716712743711873	181.98	190	-30.4	13.397	13.397	0	64.82011801642	12	0.228776440392883	0.000254897022087446
0.0716461799412169	181.98	190	-30.4	13.397	13.397	0	64.8081083966682	12	0.228776440392883	0.000254762135462814
0.0715501103413749	181.98	190	-30.4	13.397	13.397	0	64.8887476812846	12	0.228776440392883	0.000255668734363021
0.0717006858135518	181.98	190	-30.4	13.397	13.397	0	64.8658709663444	12	0.228776440392883	0.000255378896285565
0.0714323623873462	181.98	190	-30.4	13.397	13.397	0	64.7963181739253	12	0.228776440392883	0.000254935875049635
0.0716094214567606	181.98	190	-30.4	13.397	13.397	0	64.9801622851002	12	0.228776440392883	0.000256565719234118
0.0715815462712526	181.98	190	-30.4	13.397	13.397	0	64.8227161062614	12	0.228776440392883	0.000254926305207436
0.0714474292992519	181.98	190	-30.4	13.397	13.397	0	64.8674503250373	12	0.228776440392883	0.000255689439814067
0.0718946852956937	181.98	190	-30.4	13.397	13.397	0	64.9033953967652	12	0.228776440392883	0.000256232906191134
0.0717429732591466	181.98	190	-30.4	13.397	13.397	0	64.8194921314023	12	0.228776440392883	0.00025498847231113
0.0715180981994601	181.98	190	-30.4	13.397	13.397	0	64.7992750134987	12	0.228776440392883	0.000254757665760392
0.0715106609457427	181.98	190	-30.4	13.397	13.397	0	64.8819907481155	12	0.228776440392883	0.000255674090066645
0.0715013301250347	181.98	190	-30.4	13.397	13.397	0	64.8130297180212	12	0.228776440392883	0.000254939154026237
0.0713415663668823	181.98	190	-30.4	13.397	13.397	0	64.9034622307818	12	0.228776440392883	0.000256561103276833
0.0715314956962424	181.98	190	-30.4	13.397	13.397	0	64.916090285499	12	0.228776440392883	0.000256002105846948
0.0715618181384337	181.98	190	-30.4	13.397	13.397	0	64.9393307536431	12	0.228776440392883	0.000256196236402341
0.0713632732286531	181.98	190	-30.4	13.397	13.397	0	64.8314585309642	12	0.228776440392883	0.000255603962235329
0.0715938811683312	181.98	190	-30.4	13.397	13.397	0	64.8397178620344	12	0.228776440392883	0.000255095339971683
0.0715602981256537	181.98	190	-30.4	13.397	13.397	0	64.8425843777106	12	0.228776440392883	0.000255158366660264
0.0716611045333563	181.98	190	-30.4	13.397	13.397	0	64.8422962731079	12	0.228776440392883	0.000255113947887231
0.0716253990335156	181.98	190	-30.4	13.397	13.397	0	64.909471250816	12	0.228776440392883	0.000255805505083634
0.0715073263767698	181.98	190	-30.4	13.397	13.397	0	64.7918114103357	12	0.228776440392883	0.000254696558519793
0.0715715313414692	181.98	190	-30.4	13.397	13.397	0	64.843301082583	12	0.228776440392883	0.000255152786370242
0.0715848158103052	181.98	190	-30.4	13.397	13.397	0	64.8229145579328	12	0.228776440392883	0.00025492585890219
0.0716545274297891	181.98	190	-30.4	13.397	13.397	0	64.9275340515089	12	0.228776440392883	0.000255983570516336
0.0716383104615967	181.98	190	-30.4	13.397	13.397	0	64.9343812872058	12	0.228776440392883	0.00025605920134695
0.0716462719284093	181.98	190	-30.4	13.397	13.397	0	64.8953628269771	12	0.228776440392883	0.000255652734942787
0.0718189108067227	181.98	190	-30.4	13.397	13.397	0	64.7988712747884	12	0.228776440392883	0.00025499960432492
0.071357856345826	181.98	190	-30.4	13.397	13.397	0	64.8182403973577	12	0.228776440392883	0.000255473909025622
0.0715325553384388	181.98	190	-30.4	13.397	13.397	0	64.9472388966406	12	0.228776440392883	0.000256342214187639
0.0716789400915329	181.98	190	-30.4	13.397	13.397	0	64.8956061556527	12	0.228776440392883	0.000255661287736841
0.0715174573499937	181.98	190	-30.4	13.397	13.397	0	64.8081892899669	12	0.228776440392883	0.000254855075384229
0.0716352875346395	181.98	190	-30.4	13.397	13.397	0	64.9575991090277	12	0.228776440392883	0.000256303634770227
0.0717083712524386	181.98	190	-30.4	13.397	13.397	0	64.8634788176664	12	0.228776440392883	0.000255363408277386
0.0715078692944733	181.98	190	-30.4	13.397	13.397	0	64.8410197659427	12	0.228776440392883	0.00025523093024364
0.0715596987415629	181.98	190	-30.4	13.397	13.397	0	64.8284664476283	12	0.228776440392883	0.000255008901031768
0.0715636394704524	181.98	190	-30.4	13.397	13.397	0	64.8185853382451	12	0.228776440392883	0.000254899616262625
0.0715312224870279	181.98	190	-30.4	13.397	13.397	0	64.9617619186588	12	0.228776440392883	0.000256505735952523
0.0715463387731468	181.98	190	-30.4	13.397	13.397	0	64.9072196831051	12	0.228776440392883	0.000255875572338812
0.0715606937946564	181.98	190	-30.4	13.397	13.397	0	64.8274777811915	12	0.228776440392883	0.000254997214712764
0.0717143720115273	181.98	190	-30.4	13.397	13.397	0	64.9328188941043	12	0.228776440392883	0.000256059519650524
0.0712943771047422	181.98	190	-30.4	13.397	13.397	0	64.8258439987385	12	0.228776440392883	0.000255885898178741
0.071828331307487	181.98	190	-30.4	13.397	13.397	0	64.958197600467	12	0.228776440392883	0.00025650962038057
0.071445094296545	181.98	190	-30.4	13.397	13.397	0	64.8005989028992	12	0.228776440392883	0.000254944746976933
0.0715185434718887	181.98	190	-30.4	13.397	13.397	0	64.8153769409086	12	0.228776440392883	0.000254930842633781
0.0715290589813562	181.98	190	-30.4	13.397	13.397	0	64.8301829608014	12	0.228776440392883	0.000255072175560757
0.0715506640802309	181.98	190	-30.4	13.397	13.397	0	64.8516810426449	12	0.228776440392883	0.000255268830717802
0.0715618544215273	181.98	190	-30.4	13.397	13.397	0	64.8110140345376	12	0.228776440392883	0.000254821430158199
0.0716038042828668	181.98	190	-30.4	13.397	13.397	0	64.8543090677579	12	0.228776440392883	0.000255241539020538
0.0714381678699927	181.98	190	-30.4	13.397	13.397	0	64.7984172139523	12	0.228776440392883	0.000254941302676947
0.0714784965766355	181.98	190	-30.4	13.397	13.397	0	64.8053804256769	12	0.228776440392883	0.00025490722994277
0.0714971521087732	181.98	190	-30.4	13.397	13.397	0	64.949850267001	12	0.228776440392883	0.000256463496325998
0.0715629250002742	181.98	190	-30.4	13.397	13.397	0	64.8107628600776	12	0.228776440392883	0.000254817638499355
0.0718709170524202	181.98	190	-30.4	13.397	13.397	0	64.9058554761044	12	0.228776440392883	0.000256161352867648
0.071662489005481	181.98	190	-30.4	13.397	13.397	0	64.9083679660479	12	0.228776440392883	0.000255786463258021
0.0716399706179836	181.98	190	-30.4	13.397	13.397	0	64.9119763828572	12	0.228776440392883	0.000255825634992061
0.0716633807833669	181.98	190	-30.4	13.397	13.397	0	65.0131798492333	12	0.228776440392883	0.000256870997791756
0.0716341425840085	181.98	190	-30.4	13.397	13.397	0	64.8039871159591	12	0.228776440392883	0.000254716872141376
0.0715470556130354	181.98	190	-30.4	13.397	13.397	0	64.8182046816622	12	0.228776440392883	0.000254915813620882
0.0716255304534413	181.98	190	-30.4	13.397	13.397	0	64.8525487978682	12	0.228776440392883	0.00025521449162434
0.0715722576673262	181.98	190	-30.4	13.397	13.397	0	64.9851869602884	12	0.228776440392883	0.000256675934635576
0.0716425541969937	181.98	190	-30.4	13.397	13.397	0	64.8636290007222	12	0.228776440392883	0.000255326782052662
0.0716332747527818	181.98	190	-30.4	13.397	13.397	0	64.906551417356	12	0.228776440392883	0.00025577154139925
0.0716546360728891	181.98	190	-30.4	13.397	13.397	0	64.8370018869798	12	0.228776440392883	0.000255057741937321
0.071489960698783	181.98	190	-30.4	13.397	13.397	0	64.83000556953	12	0.228776440392883	0.000255150670838253
0.0716229478122363	181.98	190	-30.4	13.397	13.397	0	64.9353019248932	12	0.228776440392883	0.000256077645599806
0.0714869691427752	181.98	190	-30.4	13.397	13.397	0	64.8085528419514	12	0.228776440392883	0.000254921925805292
0.0716214642782527	181.98	190	-30.4	13.397	13.397	0	64.8592749104074	12	0.228776440392883	0.00025528511868206
0.0717458086277332	181.98	190	-30.4	13.397	13.397	0	64.9252189820398	12	0.228776440392883	0.000256020654625238
0.071683913699711	181.98	190	-30.4	13.397	13.397	0	64.8053834384315	12	0.228776440392883	0.000254761645881946
0.071467373659119	181.98	190	-30.4	13.397	13.397	0	64.9312114859235	12	0.228776440392883	0.000256345809918332
0.0716798581500539	181.98	190	-30.4	13.397	13.397	0	64.8549014317563	12	0.228776440392883	0.000255251646697348
0.0714780571723052	181.98	190	-30.4	13.397	13.397	0	64.905438392437	12	0.228776440392883	0.00025602130082984
0.071570151096161	181.98	190	-30.4	13.397	13.397	0	64.8395129909308	12	0.228776440392883	0.000255114152724925
0.0714574258137567	181.98	190	-30.4	13.397	13.397	0	64.7835840277096	12	0.228776440392883	0.000254720417063341
0.0715101151703903	181.98	190	-30.4	13.397	13.397	0	64.9278219766475	12	0.228776440392883	0.000256182063016056
0.0715592881850319	181.98	190	-30.4	13.397	13.397	0	64.8027653661771	12	0.228776440392883	0.000254736944662022
0.071754483682077	181.98	190	-30.4	13.397	13.397	0	64.9101762150107	12	0.228776440392883	0.000255887101137671
0.0715692865686267	181.98	190	-30.4	13.397	13.397	0	64.9168107457982	12	0.228776440392883	0.000255940628793995
0.0715899427515428	181.98	190	-30.4	13.397	13.397	0	64.8014460301033	12	0.228776440392883	0.000254698394747782
0.071583591141894	181.98	190	-30.4	13.397	13.397	0	64.8007715364931	12	0.228776440392883	0.000254695142472714
0.0715941624042154	181.98	190	-30.4	13.397	13.397	0	64.8065951877915	12	0.228776440392883	0.000254749742326606
0.0714780982435168	181.98	190	-30.4	13.397	13.397	0	64.8224456817677	12	0.228776440392883	0.000255096524857428
0.071597093766459	181.98	190	-30.4	13.397	13.397	0	64.8169363009204	12	0.228776440392883	0.000254855775771056
