0.0701820937062225	181.98	190	-30.4	13.397	13.397	0	70.5502440398821	12	0.228776440392883	0.00040414662245919
0.0684955772635019	181.98	190	-30.4	13.397	13.397	0	72.1023988145785	12	0.228776440392883	0.000561439436032161
0.0675359720677823	181.98	190	-30.4	13.397	13.397	0	71.8815973306821	12	0.228776440392883	0.000628319423894707
0.0690565535193519	181.98	190	-30.4	13.397	13.397	0	68.1367297470652	12	0.228776440392883	0.000392991206011543
0.0714234632072197	181.98	190	-30.4	13.397	13.397	0	69.8413096306078	12	0.228776440392883	0.00033727986807861
0.0712102307975278	181.98	190	-30.4	13.397	13.397	0	68.6683893997337	12	0.228776440392883	0.000319166650229016
0.0721638978947147	181.98	190	-30.4	13.397	13.397	0	70.3675173450839	12	0.228776440392883	0.000329369058811117
0.072511905725199	181.98	190	-30.4	13.397	13.397	0	69.1043658709392	12	0.228776440392883	0.000304024522069013
0.0708549857047429	181.98	190	-30.4	13.397	13.397	0	71.3664557801718	12	0.228776440392883	0.000394486727758329
0.0695851326669806	181.98	190	-30.4	13.397	13.397	0	69.3016404093874	12	0.228776440392883	0.000399050276636462
0.0712529719215846	181.98	190	-30.4	13.397	13.397	0	69.0331073696989	12	0.228776440392883	0.000325375378612125
0.0711040780357229	181.98	190	-30.4	13.397	13.397	0	68.9252669767215	12	0.228776440392883	0.000327409949398527
0.0716798405974792	181.98	190	-30.4	13.397	13.397	0	69.273341286075	12	0.228776440392883	0.000319365896846436
0.0704385679124679	181.98	190	-30.4	13.397	13.397	0	73.1461359155666	12	0.228776440392883	0.000466927050043817
0.071229762491517	181.98	190	-30.4	13.397	13.397	0	66.0257822842268	12	0.228776440392883	0.000272635383995687
0.0701083820400933	181.98	190	-30.4	13.397	13.397	0	72.2838411927025	12	0.228776440392883	0.000459438754222906
0.0708505620721324	181.98	190	-30.4	13.397	13.397	0	68.8941659413784	12	0.228776440392883	0.000334677075732702
0.0713886048468976	181.98	190	-30.4	13.397	13.397	0	67.2071403602863	12	0.228776440392883	0.000288729975440822
0.0716282675079463	181.98	190	-30.4	13.397	13.397	0	66.7005197185871	12	0.228776440392883	0.000277823018839819
0.0713285726241899	181.98	190	-30.4	13.397	13.397	0	68.6285767031606	12	0.228776440392883	0.000315348114882367
0.0681853675336269	181.98	190	-30.4	13.397	13.397	0	67.9719093041421	12	0.228776440392883	0.000437661653668119
0.0704940545464395	181.98	190	-30.4	13.397	13.397	0	68.3861789794994	12	0.228776440392883	0.000335487605483151
0.0723256473623613	181.98	190	-30.4	13.397	13.397	0	68.1493683643793	12	0.228776440392883	0.000292150928511054
0.0694650171750543	181.98	190	-30.4	13.397	13.397	0	71.8642173927725	12	0.228776440392883	0.000485428311290095
0.0713292718791786	181.98	190	-30.4	13.397	13.397	0	66.6159601826898	12	0.228776440392883	0.000280229901863855
0.0682321398852467	181.98	190	-30.4	13.397	13.397	0	68.799947607769	12	0.228776440392883	0.000462148877209135
0.0702379390617927	181.98	190	-30.4	13.397	13.397	0	72.318647915131	12	0.228776440392883	0.00045302885387443
0.0706000528063218	181.98	190	-30.4	13.397	13.397	0	73.3630848326763	12	0.228776440392883	0.000464295767000945
0.0715125153812274	181.98	190	-30.4	13.397	13.397	0	67.9349080192535	12	0.228776440392883	0.000298754122196024
0.0693976521545202	181.98	190	-30.4	13.397	13.397	0	72.4296765969098	12	0.228776440392883	0.00050894766803878
0.0715304758476396	181.98	190	-30.4	13.397	13.397	0	67.338621377229	12	0.228776440392883	0.000288617308207054
0.0683816089010704	181.98	190	-30.4	13.397	13.397	0	73.4598495788694	12	0.228776440392883	0.000622798155790418
0.0687499425743378	181.98	190	-30.4	13.397	13.397	0	65.3463819024011	12	0.228776440392883	0.000331356736929459
0.0720025567823971	181.98	190	-30.4	13.397	13.397	0	67.4626770876701	12	0.228776440392883	0.000285082728742425
0.0718476168927934	181.98	190	-30.4	13.397	13.397	0	67.4542030350663	12	0.228776440392883	0.000286363435194307
0.0706272579218098	181.98	190	-30.4	13.397	13.397	0	73.2330412933216	12	0.228776440392883	0.000458802672349997
0.0693748183994057	181.98	190	-30.4	13.397	13.397	0	69.2324331808642	12	0.228776440392883	0.000408141053363707
0.0720778722990044	181.98	190	-30.4	13.397	13.397	0	70.850064524058	12	0.228776440392883	0.000340393719662797
0.0722076928907312	181.98	190	-30.4	13.397	13.397	0	67.7371144889512	12	0.228776440392883	0.000287380640828602
0.0689596585119631	181.98	190	-30.4	13.397	13.397	0	73.3963071138181	12	0.228776440392883	0.00057496860983726
0.0683298987436735	181.98	190	-30.4	13.397	13.397	0	65.5233061578803	12	0.228776440392883	0.000355657476812219
0.069904135177016	181.98	190	-30.4	13.397	13.397	0	68.7663147839945	12	0.228776440392883	0.000368817525416756
0.0702307321919287	181.98	190	-30.4	13.397	13.397	0	66.9565107734113	12	0.228776440392883	0.00031258277314321
0.0691994055210546	181.98	190	-30.4	13.397	13.397	0	70.755461550789	12	0.228776440392883	0.000465717172835247
0.0680755033719347	181.98	190	-30.4	13.397	13.397	0	66.3631181733185	12	0.228776440392883	0.000393448223228918
0.0711828125238461	181.98	190	-30.4	13.397	13.397	0	68.8898486137848	12	0.228776440392883	0.000324404431016808
0.0704415548625797	181.98	190	-30.4	13.397	13.397	0	67.8135889842484	12	0.228776440392883	0.000324384085022367
0.0718006236224957	181.98	190	-30.4	13.397	13.397	0	67.8526696768567	12	0.228776440392883	0.0002928807697337
0.070572077124887	181.98	190	-30.4	13.397	13.397	0	67.2530687242341	12	0.228776440392883	0.000308308180388348
0.0708985778537734	181.98	190	-30.4	13.397	13.397	0	66.9433157114812	12	0.228776440392883	0.000293803368221237
0.0690816605915251	181.98	190	-30.4	13.397	13.397	0	66.2148917304933	12	0.228776440392883	0.000339091523644097
0.0701117668252923	181.98	190	-30.4	13.397	13.397	0	69.5935680920022	12	0.228776440392883	0.000381284435868176
0.0715339660182748	181.98	190	-30.4	13.397	13.397	0	71.3708837485821	12	0.228776440392883	0.000367529479259782
0.071590369100266	181.98	190	-30.4	13.397	13.397	0	71.5394090156649	12	0.228776440392883	0.000369460452766893
0.0704686434962316	181.98	190	-30.4	13.397	13.397	0	72.209776465971	12	0.228776440392883	0.000436994536888239
0.0710269994518468	181.98	190	-30.4	13.397	13.397	0	66.8995521475777	12	0.228776440392883	0.000290229301115769
0.070691258933889	181.98	190	-30.4	13.397	13.397	0	74.4954860957392	12	0.228776440392883	0.000494240128946837
0.0699502209216039	181.98	190	-30.4	13.397	13.397	0	71.3977901735665	12	0.228776440392883	0.000441280899082192
0.0719430134352351	181.98	190	-30.4	13.397	13.397	0	67.3969301994777	12	0.228776440392883	0.000284659391922876
0.0705800956172122	181.98	190	-30.4	13.397	13.397	0	73.9585250842548	12	0.228776440392883	0.000483945969293247
0.0718343954823184	181.98	190	-30.4	13.397	13.397	0	68.2646571424786	12	0.228776440392883	0.000298913364351591
0.0702539215735019	181.98	190	-30.4	13.397	13.397	0	66.9004090647911	12	0.228776440392883	0.000310627659023722
0.0716671686231186	181.98	190	-30.4	13.397	13.397	0	70.7905322233632	12	0.228776440392883	0.000350250927470762
0.0722896897532917	181.98	190	-30.4	13.397	13.397	0	72.9363412006118	12	0.228776440392883	0.000378099819245039
0.0700633054640986	181.98	190	-30.4	13.397	13.397	0	68.5540901692665	12	0.228776440392883	0.000356358451939959
0.0717119927725871	181.98	190	-30.4	13.397	13.397	0	67.2872145213706	12	0.228776440392883	0.000285409970698876
0.0714650120884723	181.98	190	-30.4	13.397	13.397	0	72.5764986464694	12	0.228776440392883	0.000399445772969506
0.0722834049354411	181.98	190	-30.4	13.397	13.397	0	73.2628438393017	12	0.228776440392883	0.000385598023373845
0.0713746528235955	181.98	190	-30.4	13.397	13.397	0	68.5395154769833	12	0.228776440392883	0.000312534924921151
0.068664066942192	181.98	190	-30.4	13.397	13.397	0	65.9971209067767	12	0.228776440392883	0.000352467870833494
0.0713267665860962	181.98	190	-30.4	13.397	13.397	0	67.3047481992682	12	0.228776440392883	0.00029141892381981
0.0685758766520445	181.98	190	-30.4	13.397	13.397	0	69.7500258448976	12	0.228776440392883	0.000472000242181233
0.0706380112460752	181.98	190	-30.4	13.397	13.397	0	70.680839512291	12	0.228776440392883	0.000386160504875369
0.0704828751480508	181.98	190	-30.4	13.397	13.397	0	70.1480421073826	12	0.228776440392883	0.000379120748418066
0.0701893751853723	181.98	190	-30.4	13.397	13.397	0	69.9742204508167	12	0.228776440392883	0.000387908795638946
0.068575245797467	181.98	190	-30.4	13.397	13.397	0	66.93505278101	12	0.228776440392883	0.000383373180784995
0.0690472356895876	181.98	190	-30.4	13.397	13.397	0	70.878549660513	12	0.228776440392883	0.000479448933445761
0.0717343401822401	181.98	190	-30.4	13.397	13.397	0	67.5350442494594	12	0.228776440392883	0.00028886183069113
0.0707290359572768	181.98	190	-30.4	13.397	13.397	0	70.0764885670857	12	0.228776440392883	0.000366893586575121
0.0705240960856513	181.98	190	-30.4	13.397	13.397	0	67.6127686913714	12	0.228776440392883	0.00031731058121163
0.0694832712396295	181.98	190	-30.4	13.397	13.397	0	68.4901450021097	12	0.228776440392883	0.000381265834576105
0.0702204073873218	181.98	190	-30.4	13.397	13.397	0	71.6731691017347	12	0.228776440392883	0.000434563304305594
0.0715686674238435	181.98	190	-30.4	13.397	13.397	0	67.525535204446	12	0.228776440392883	0.000291024279744014
0.0701815713039112	181.98	190	-30.4	13.397	13.397	0	69.7559927117432	12	0.228776440392883	0.000382397536240842
0.0715394834953233	181.98	190	-30.4	13.397	13.397	0	70.6225622739608	12	0.228776440392883	0.0003505238903097
0.0705011207738941	181.98	190	-30.4	13.397	13.397	0	70.7035405632875	12	0.228776440392883	0.000392986290415386
0.0713567076523491	181.98	190	-30.4	13.397	13.397	0	66.1821828597968	12	0.228776440392883	0.000273361646993731
0.0679594756760167	181.98	190	-30.4	13.397	13.397	0	66.1447376961675	12	0.228776440392883	0.000393268628767021
0.0720844488534446	181.98	190	-30.4	13.397	13.397	0	67.3945029772622	12	0.228776440392883	0.000283608062300121
0.0687298301139793	181.98	190	-30.4	13.397	13.397	0	67.81381912873	12	0.228776440392883	0.000401047416824997
0.069455044946657	181.98	190	-30.4	13.397	13.397	0	69.4019061850323	12	0.228776440392883	0.000408820890791132
0.0718945742595811	181.98	190	-30.4	13.397	13.397	0	67.1451277867059	12	0.228776440392883	0.000281598235470513
0.068407093000766	181.98	190	-30.4	13.397	13.397	0	68.4117871696817	12	0.228776440392883	0.00043839120430496
0.0689450880755735	181.98	190	-30.4	13.397	13.397	0	70.727145999982	12	0.228776440392883	0.000480981313521756
0.0705515618022166	181.98	190	-30.4	13.397	13.397	0	72.0270983289864	12	0.228776440392883	0.000427314642312547
0.0697668108277376	181.98	190	-30.4	13.397	13.397	0	68.6180962341307	12	0.228776440392883	0.000371181971130054
0.0673600400861827	181.98	190	-30.4	13.397	13.397	0	67.6538277818507	12	0.228776440392883	0.000480072762204408
0.0693837495955823	181.98	190	-30.4	13.397	13.397	0	71.3468147744352	12	0.228776440392883	0.000473518713179555
0.0707524002699279	181.98	190	-30.4	13.397	13.397	0	69.1384958737135	12	0.228776440392883	0.000343573765153847
0.0713526778120876	181.98	190	-30.4	13.397	13.397	0	68.3834843997143	12	0.228776440392883	0.000310105251941574
0.0699721004018522	181.98	190	-30.4	13.397	13.397	0	72.4983826788949	12	0.228776440392883	0.000474350382996979
0.069909574358547	181.98	190	-30.4	13.397	13.397	0	68.4124977407272	12	0.228776440392883	0.000359355896037683
0.0692973093729349	181.98	190	-30.4	13.397	13.397	0	71.9373830355239	12	0.228776440392883	0.00049882704042405
0.0680037797194324	181.98	190	-30.4	13.397	13.397	0	65.4698221792249	12	0.228776440392883	0.000370743236706971
0.0703582209051557	181.98	190	-30.4	13.397	13.397	0	70.3638473942894	12	0.228776440392883	0.000390504684948803
0.0718363116888364	181.98	190	-30.4	13.397	13.397	0	67.5640229731767	12	0.228776440392883	0.000288087443221699
0.0708253879128697	181.98	190	-30.4	13.397	13.397	0	77.3547235564824	12	0.228776440392883	0.000581218848643279
0.0710824513467228	181.98	190	-30.4	13.397	13.397	0	68.8618732708238	12	0.228776440392883	0.000326718996554733
0.0719664087274528	181.98	190	-30.4	13.397	13.397	0	67.1802979245643	12	0.228776440392883	0.000281540499311325
0.071957943215507	181.98	190	-30.4	13.397	13.397	0	68.7513063476216	12	0.228776440392883	0.000304964908208156
0.0722278366363501	181.98	190	-30.4	13.397	13.397	0	68.5820096849989	12	0.228776440392883	0.000298963744106082
0.0708127886957732	181.98	190	-30.4	13.397	13.397	0	70.6822359148867	12	0.228776440392883	0.00037862933071663
0.0703138130610489	181.98	190	-30.4	13.397	13.397	0	71.1323049957783	12	0.228776440392883	0.000413944642903348
0.0703435917441237	181.98	190	-30.4	13.397	13.397	0	73.492479241126	12	0.228776440392883	0.000483454285487308
0.0685449890605205	181.98	190	-30.4	13.397	13.397	0	69.2178096817731	12	0.228776440392883	0.000456205354305347
0.0701786831327536	181.98	190	-30.4	13.397	13.397	0	70.8606735119281	12	0.228776440392883	0.000413109451338069
0.0693656319568781	181.98	190	-30.4	13.397	13.397	0	68.7763835721374	12	0.228776440392883	0.000395328170521549
0.070357084723072	181.98	190	-30.4	13.397	13.397	0	71.9754698079404	12	0.228776440392883	0.000436098344905568
0.0696614423826467	181.98	190	-30.4	13.397	13.397	0	67.7183130780498	12	0.228776440392883	0.000352336158485546
0.0692640318917089	181.98	190	-30.4	13.397	13.397	0	69.0584006650212	12	0.228776440392883	0.000408985869777607
0.0688716086255819	181.98	190	-30.4	13.397	13.397	0	66.2124450693824	12	0.228776440392883	0.000348500060611666
0.0703633504572781	181.98	190	-30.4	13.397	13.397	0	71.0423784157104	12	0.228776440392883	0.000408915385510467
0.0716540173730023	181.98	190	-30.4	13.397	13.397	0	67.5884042335214	12	0.228776440392883	0.00029076471774269
0.0684818335908834	181.98	190	-30.4	13.397	13.397	0	69.4347729701061	12	0.228776440392883	0.000467454731856587
0.0686295438184032	181.98	190	-30.4	13.397	13.397	0	66.968439149147	12	0.228776440392883	0.000381487981874513
0.0701094118180037	181.98	190	-30.4	13.397	13.397	0	71.3441124386267	12	0.228776440392883	0.000430842249532997
0.0704781103024681	181.98	190	-30.4	13.397	13.397	0	71.1699133461524	12	0.228776440392883	0.000406810377221714
0.0708222751982063	181.98	190	-30.4	13.397	13.397	0	68.3771657036674	12	0.228776440392883	0.000324334712707212
0.0697157976163948	181.98	190	-30.4	13.397	13.397	0	66.9299688801269	12	0.228776440392883	0.00033048247596216
0.0698102685727052	181.98	190	-30.4	13.397	13.397	0	66.7621923796093	12	0.228776440392883	0.00032289690030871
0.0695858194696237	181.98	190	-30.4	13.397	13.397	0	67.0994333327974	12	0.228776440392883	0.000339897486195541
0.0708034194389581	181.98	190	-30.4	13.397	13.397	0	67.2017077994785	12	0.228776440392883	0.00030096287471625
0.069964434020786	181.98	190	-30.4	13.397	13.397	0	72.7548385592555	12	0.228776440392883	0.00048308160409246
0.0714001883162821	181.98	190	-30.4	13.397	13.397	0	67.2089111629819	12	0.228776440392883	0.00028856843248076
0.0681253895185339	181.98	190	-30.4	13.397	13.397	0	70.3286596119437	12	0.228776440392883	0.000522975849272189
0.069089487197922	181.98	190	-30.4	13.397	13.397	0	66.9564705543284	12	0.228776440392883	0.000358253333616828
0.0683239103880816	181.98	190	-30.4	13.397	13.397	0	66.9308892369179	12	0.228776440392883	0.000396863646949389
0.0698901331886129	181.98	190	-30.4	13.397	13.397	0	72.817520792225	12	0.228776440392883	0.000489791494567305
0.0703399105315706	181.98	190	-30.4	13.397	13.397	0	67.1011361884221	12	0.228776440392883	0.000312187899321997
0.0703857834263673	181.98	190	-30.4	13.397	13.397	0	72.1521341606262	12	0.228776440392883	0.000439770731331785
0.0698635974510161	181.98	190	-30.4	13.397	13.397	0	70.5603088942988	12	0.228776440392883	0.000420972264209188
0.0699715952355401	181.98	190	-30.4	13.397	13.397	0	67.4243250310978	12	0.228776440392883	0.000332369412420298
0.0691159691600031	181.98	190	-30.4	13.397	13.397	0	68.693560058319	12	0.228776440392883	0.000406197620231339
0.0685889777573816	181.98	190	-30.4	13.397	13.397	0	67.1583143181942	12	0.228776440392883	0.000389194544887381
0.0698668438539881	181.98	190	-30.4	13.397	13.397	0	69.2729265794262	12	0.228776440392883	0.000384179597832627
0.0696590383473499	181.98	190	-30.4	13.397	13.397	0	66.3974837542179	12	0.228776440392883	0.000320049287402604
0.0710502355229569	181.98	190	-30.4	13.397	13.397	0	66.9571181517677	12	0.228776440392883	0.000290764031606534
0.0698465548002824	181.98	190	-30.4	13.397	13.397	0	68.5838839905303	12	0.228776440392883	0.000366619343796535
0.0695967431435255	181.98	190	-30.4	13.397	13.397	0	72.7640347292006	12	0.228776440392883	0.000507053323609475
0.0700598213182188	181.98	190	-30.4	13.397	13.397	0	71.0256402944577	12	0.228776440392883	0.000424122121128029
0.0685325777692804	181.98	190	-30.4	13.397	13.397	0	70.2975911835964	12	0.228776440392883	0.000493604661765304
0.0686396641528086	181.98	190	-30.4	13.397	13.397	0	68.7470918974121	12	0.228776440392883	0.000435111963260654
0.0686851814346602	181.98	190	-30.4	13.397	13.397	0	66.8079823947949	12	0.228776440392883	0.000373996244976531
0.0701878042871007	181.98	190	-30.4	13.397	13.397	0	72.3931267227299	12	0.228776440392883	0.00045820166611934
0.0701635528254157	181.98	190	-30.4	13.397	13.397	0	69.5801941388646	12	0.228776440392883	0.000378540153490478
0.0704778125956504	181.98	190	-30.4	13.397	13.397	0	75.1368923168242	12	0.228776440392883	0.000528795381344164
0.0692452938641097	181.98	190	-30.4	13.397	13.397	0	71.6672516249937	12	0.228776440392883	0.000493095912004932
0.0712240159592008	181.98	190	-30.4	13.397	13.397	0	66.7640677435583	12	0.228776440392883	0.000284235888972785
0.0680112831678811	181.98	190	-30.4	13.397	13.397	0	65.6467472205782	12	0.228776440392883	0.000375526647017781
0.0713747160008877	181.98	190	-30.4	13.397	13.397	0	71.9966841261939	12	0.228776440392883	0.000388548119159043
0.0684290613231338	181.98	190	-30.4	13.397	13.397	0	72.581964890395	12	0.228776440392883	0.000584709371688642
0.0699449889561474	181.98	190	-30.4	13.397	13.397	0	74.158944766955	12	0.228776440392883	0.000531341968408981
0.0707007782350699	181.98	190	-30.4	13.397	13.397	0	71.1980175772071	12	0.228776440392883	0.000397011404750001
0.0713271701042818	181.98	190	-30.4	13.397	13.397	0	68.776738118426	12	0.228776440392883	0.000318267843467496
0.0664567155005741	181.98	190	-30.4	13.397	13.397	0	68.3263611640555	12	0.228776440392883	0.000570755937977551
0.0711545960349041	181.98	190	-30.4	13.397	13.397	0	67.5279372935074	12	0.228776440392883	0.000298756805547256
0.0692025937360124	181.98	190	-30.4	13.397	13.397	0	68.7731716023321	12	0.228776440392883	0.000403863971090945
0.0702019361781525	181.98	190	-30.4	13.397	13.397	0	73.522406405584	12	0.228776440392883	0.000493166289209882
0.0689595081099951	181.98	190	-30.4	13.397	13.397	0	66.238810343909	12	0.228776440392883	0.000345165687156435
0.0710766576343151	181.98	190	-30.4	13.397	13.397	0	71.6879372859711	12	0.228776440392883	0.00039313671240795
0.0694307266032173	181.98	190	-30.4	13.397	13.397	0	68.5283777971943	12	0.228776440392883	0.000384947080901234
0.0707616982900482	181.98	190	-30.4	13.397	13.397	0	70.4360414130584	12	0.228776440392883	0.000374539359395857
0.069300805064883	181.98	190	-30.4	13.397	13.397	0	68.5462044320926	12	0.228776440392883	0.000392069873325498
0.0688640624630867	181.98	190	-30.4	13.397	13.397	0	67.1270965994875	12	0.228776440392883	0.000373966634636381
0.0715234604102072	181.98	190	-30.4	13.397	13.397	0	66.3526438715648	12	0.228776440392883	0.000273981640306467
0.0707669927259711	181.98	190	-30.4	13.397	13.397	0	66.6097318219568	12	0.228776440392883	0.000290704067258911
0.0703081383122307	181.98	190	-30.4	13.397	13.397	0	71.642336644656	12	0.228776440392883	0.000428935724078362
0.0701425534277991	181.98	190	-30.4	13.397	13.397	0	73.4597302950596	12	0.228776440392883	0.000494858525024744
0.0706895993720973	181.98	190	-30.4	13.397	13.397	0	72.92681459946	12	0.228776440392883	0.000446221776385727
0.0713804666342845	181.98	190	-30.4	13.397	13.397	0	71.558808841799	12	0.228776440392883	0.00037757629057775
0.0715659793502571	181.98	190	-30.4	13.397	13.397	0	71.9009245285337	12	0.228776440392883	0.000378830364017633
0.0703908506414111	181.98	190	-30.4	13.397	13.397	0	66.4003879058275	12	0.228776440392883	0.000296241651112387
0.0691003331135977	181.98	190	-30.4	13.397	13.397	0	67.4266082679127	12	0.228776440392883	0.000370583204465932
0.0720574790114763	181.98	190	-30.4	13.397	13.397	0	68.3722434496558	12	0.228776440392883	0.000297657103054777
0.0702569237863504	181.98	190	-30.4	13.397	13.397	0	69.6852088515491	12	0.228776440392883	0.000377079444023077
0.0697724893552331	181.98	190	-30.4	13.397	13.397	0	70.0681982066661	12	0.228776440392883	0.00041141469591554
0.0718485403619155	181.98	190	-30.4	13.397	13.397	0	67.5354954134848	12	0.228776440392883	0.000287535513738323
0.0708147945966186	181.98	190	-30.4	13.397	13.397	0	67.1698287938672	12	0.228776440392883	0.00030006139310316
0.0705710211151417	181.98	190	-30.4	13.397	13.397	0	70.2391473467418	12	0.228776440392883	0.000377625007727082
0.069720272686018	181.98	190	-30.4	13.397	13.397	0	68.6450876374064	12	0.228776440392883	0.000374083595368802
0.0679565208774469	181.98	190	-30.4	13.397	13.397	0	66.1653016776212	12	0.228776440392883	0.000394061302261467
0.0708459749132509	181.98	190	-30.4	13.397	13.397	0	71.3297609393128	12	0.228776440392883	0.000393923955395571
0.0712903075548813	181.98	190	-30.4	13.397	13.397	0	68.5651052928653	12	0.228776440392883	0.000315067126557743
0.0689613345740499	181.98	190	-30.4	13.397	13.397	0	71.051663692498	12	0.228776440392883	0.000490914087345231
0.0694210026004303	181.98	190	-30.4	13.397	13.397	0	69.6622803966343	12	0.228776440392883	0.000418413532166942
0.069878397952637	181.98	190	-30.4	13.397	13.397	0	72.5971844719922	12	0.228776440392883	0.000483329615364356
0.0701157682623887	181.98	190	-30.4	13.397	13.397	0	68.0628512477345	12	0.228776440392883	0.000342068768941955
0.0700472610147552	181.98	190	-30.4	13.397	13.397	0	69.8729534544058	12	0.228776440392883	0.000391945964853647
0.070283842499642	181.98	190	-30.4	13.397	13.397	0	73.0256296072775	12	0.228776440392883	0.000472274589766401
0.0684285517810478	181.98	190	-30.4	13.397	13.397	0	71.0854204363487	12	0.228776440392883	0.000528821482825893
0.0702694436865862	181.98	190	-30.4	13.397	13.397	0	74.4143776323617	12	0.228776440392883	0.000518280639529215
0.0720196141237191	181.98	190	-30.4	13.397	13.397	0	66.7690470405	12	0.228776440392883	0.000276016771351171
0.0683767670794778	181.98	190	-30.4	13.397	13.397	0	65.7579546155143	12	0.228776440392883	0.000359884986067734
0.0714090424882442	181.98	190	-30.4	13.397	13.397	0	69.0634842666959	12	0.228776440392883	0.000321820326408114
0.0679080586605867	181.98	190	-30.4	13.397	13.397	0	66.4458063721496	12	0.228776440392883	0.000405474673002489
0.071918180549487	181.98	190	-30.4	13.397	13.397	0	66.8384351613126	12	0.228776440392883	0.00027737602216571
0.069132174089603	181.98	190	-30.4	13.397	13.397	0	68.4070938842993	12	0.228776440392883	0.000396876288586251
0.0702115604304761	181.98	190	-30.4	13.397	13.397	0	66.3484283828511	12	0.228776440392883	0.000300337640751187
0.0711584381539431	181.98	190	-30.4	13.397	13.397	0	69.0355841279838	12	0.228776440392883	0.000328123010503746
0.0723416841760669	181.98	190	-30.4	13.397	13.397	0	73.9676400047774	12	0.228776440392883	0.000399898460212539
0.067578384288071	181.98	190	-30.4	13.397	13.397	0	68.5502753092838	12	0.228776440392883	0.000497108010403867
0.0699436928154646	181.98	190	-30.4	13.397	13.397	0	72.8268102807546	12	0.228776440392883	0.000486717460646688
0.0687516730129655	181.98	190	-30.4	13.397	13.397	0	69.0196044678857	12	0.228776440392883	0.000437089391604252
0.0691574885671516	181.98	190	-30.4	13.397	13.397	0	67.1560667227785	12	0.228776440392883	0.000360429585221428
0.0700407164010018	181.98	190	-30.4	13.397	13.397	0	66.432437739117	12	0.228776440392883	0.000307444499312171
0.070440886993329	181.98	190	-30.4	13.397	13.397	0	70.9406437581719	12	0.228776440392883	0.000402286698058672
0.0685872277008414	181.98	190	-30.4	13.397	13.397	0	66.0061974874497	12	0.228776440392883	0.000356418013490543
0.0686707938688787	181.98	190	-30.4	13.397	13.397	0	67.9594632541576	12	0.228776440392883	0.00040873421709192
0.06730684336728	181.98	190	-30.4	13.397	13.397	0	68.0118995959984	12	0.228776440392883	0.000496523477651217
0.0689769407189701	181.98	190	-30.4	13.397	13.397	0	71.0418472039177	12	0.228776440392883	0.000489548596777226
0.0674616712875142	181.98	190	-30.4	13.397	13.397	0	68.7436908643855	12	0.228776440392883	0.000512304023719215
0.0698328368902754	181.98	190	-30.4	13.397	13.397	0	71.707441602625	12	0.228776440392883	0.000457652492064644
0.068677536254646	181.98	190	-30.4	13.397	13.397	0	68.1350493687755	12	0.228776440392883	0.000413728846699609
0.0710203542939005	181.98	190	-30.4	13.397	13.397	0	72.5489028801227	12	0.228776440392883	0.000418618673481183
0.0694168049160971	181.98	190	-30.4	13.397	13.397	0	68.452821078749	12	0.228776440392883	0.000383522333447054
0.0687909047135514	181.98	190	-30.4	13.397	13.397	0	68.7636456557741	12	0.228776440392883	0.000426689447393999
0.0688137510722575	181.98	190	-30.4	13.397	13.397	0	68.5789988922922	12	0.228776440392883	0.000419628107520618
0.0693917656205747	181.98	190	-30.4	13.397	13.397	0	68.8890976989232	12	0.228776440392883	0.000397218071886653
0.070702631181427	181.98	190	-30.4	13.397	13.397	0	72.1678556573	12	0.228776440392883	0.000423610838954605
0.0718957709890562	181.98	190	-30.4	13.397	13.397	0	66.8155979627093	12	0.228776440392883	0.000277216085425723
0.0713727172877886	181.98	190	-30.4	13.397	13.397	0	68.0054191330452	12	0.228776440392883	0.000302724688926551
0.0701978276219293	181.98	190	-30.4	13.397	13.397	0	68.9348293414122	12	0.228776440392883	0.000360295109887584
0.0713342007574896	181.98	190	-30.4	13.397	13.397	0	71.0479166511855	12	0.228776440392883	0.000367110188359508
0.0700900008554544	181.98	190	-30.4	13.397	13.397	0	68.8542081400493	12	0.228776440392883	0.000362859454359082
0.0692833387567185	181.98	190	-30.4	13.397	13.397	0	67.9959510368192	12	0.228776440392883	0.000377385651312132
0.0699437235103032	181.98	190	-30.4	13.397	13.397	0	74.8151296351733	12	0.228776440392883	0.000554373478469396
0.0701929811484251	181.98	190	-30.4	13.397	13.397	0	71.970633800821	12	0.228776440392883	0.00044498851004498
0.0701883742652489	181.98	190	-30.4	13.397	13.397	0	66.3265461913676	12	0.228776440392883	0.000300580479589648
0.0681361335931441	181.98	190	-30.4	13.397	13.397	0	68.8499429659033	12	0.228776440392883	0.000470064125379159
0.069777091636218	181.98	190	-30.4	13.397	13.397	0	72.3875147811576	12	0.228776440392883	0.000482845527294874
0.0723504006594534	181.98	190	-30.4	13.397	13.397	0	70.4874789748406	12	0.228776440392883	0.00032801950318321
0.07032833104309	181.98	190	-30.4	13.397	13.397	0	70.5563227005226	12	0.228776440392883	0.000397153916508033
0.07168288673504	181.98	190	-30.4	13.397	13.397	0	70.1924537430589	12	0.228776440392883	0.000337278835571455
0.0701163585546075	181.98	190	-30.4	13.397	13.397	0	66.6057367677931	12	0.228776440392883	0.000308722387471016
0.0706530146090037	181.98	190	-30.4	13.397	13.397	0	69.0710547124642	12	0.228776440392883	0.000345605871353039
0.0695075204447684	181.98	190	-30.4	13.397	13.397	0	69.7833268447566	12	0.228776440392883	0.000417276738332477
0.0689226032030537	181.98	190	-30.4	13.397	13.397	0	66.8837825304461	12	0.228776440392883	0.000364270750028135
0.0700043113107395	181.98	190	-30.4	13.397	13.397	0	73.8706866719001	12	0.228776440392883	0.000517489385561938
0.0718375059832032	181.98	190	-30.4	13.397	13.397	0	69.7726139374763	12	0.228776440392883	0.000325232239769126
0.0709839365417676	181.98	190	-30.4	13.397	13.397	0	71.1040922213277	12	0.228776440392883	0.00038215000563081
0.0689615922051448	181.98	190	-30.4	13.397	13.397	0	69.517337369274	12	0.228776440392883	0.000440362056132336
0.0713501679108384	181.98	190	-30.4	13.397	13.397	0	66.6986735094744	12	0.228776440392883	0.000281212124826213
0.0700717491980401	181.98	190	-30.4	13.397	13.397	0	69.0959095462845	12	0.228776440392883	0.000369926794773489
0.0701826908769341	181.98	190	-30.4	13.397	13.397	0	66.8902376807577	12	0.228776440392883	0.000312715592160266
0.0701112576682246	181.98	190	-30.4	13.397	13.397	0	70.0275381326973	12	0.228776440392883	0.000393100590942651
0.0701288657221749	181.98	190	-30.4	13.397	13.397	0	70.8795748396244	12	0.228776440392883	0.000416226886267138
0.0676632046478268	181.98	190	-30.4	13.397	13.397	0	68.2060162727956	12	0.228776440392883	0.000479113361503361
0.069527214707181	181.98	190	-30.4	13.397	13.397	0	71.6417275767804	12	0.228776440392883	0.000474165989977905
0.0698364576606924	181.98	190	-30.4	13.397	13.397	0	72.8283379870683	12	0.228776440392883	0.000493566587213329
0.0696553425694252	181.98	190	-30.4	13.397	13.397	0	72.1713633670593	12	0.228776440392883	0.000483443705946964
0.0708860134487669	181.98	190	-30.4	13.397	13.397	0	70.2761856974056	12	0.228776440392883	0.000365551967032376
0.0698530789351053	181.98	190	-30.4	13.397	13.397	0	67.7823598655065	12	0.228776440392883	0.000345801110000026
0.0704102610067447	181.98	190	-30.4	13.397	13.397	0	73.5605970243753	12	0.228776440392883	0.000481580317855967
0.0690362213473351	181.98	190	-30.4	13.397	13.397	0	67.2881795479944	12	0.228776440392883	0.000369895049494092
0.068377434864253	181.98	190	-30.4	13.397	13.397	0	70.6086279448173	12	0.228776440392883	0.00051524902103048
0.0678474374689628	181.98	190	-30.4	13.397	13.397	0	65.9956547690658	12	0.228776440392883	0.000394989941733602
0.0713022317261277	181.98	190	-30.4	13.397	13.397	0	71.480900908013	12	0.228776440392883	0.000378693967425646
0.0700820216312754	181.98	190	-30.4	13.397	13.397	0	68.1050232350328	12	0.228776440392883	0.000344431704956852
0.0702671426843431	181.98	190	-30.4	13.397	13.397	0	71.7177744111746	12	0.228776440392883	0.000433349235166791
0.0699115935027447	181.98	190	-30.4	13.397	13.397	0	72.1824433351403	12	0.228776440392883	0.000467948447890959
0.0710668211262689	181.98	190	-30.4	13.397	13.397	0	69.5479779828408	12	0.228776440392883	0.000342037813689075
0.0691383636097474	181.98	190	-30.4	13.397	13.397	0	66.5594556800493	12	0.228776440392883	0.000345488961821527
0.0693374230694334	181.98	190	-30.4	13.397	13.397	0	69.089507857122	12	0.228776440392883	0.000405939201477458
0.071633922860603	181.98	190	-30.4	13.397	13.397	0	66.8362115786654	12	0.228776440392883	0.000279696767289478
0.0679131759421747	181.98	190	-30.4	13.397	13.397	0	66.3276879803572	12	0.228776440392883	0.000401507145026911
0.0702472265741885	181.98	190	-30.4	13.397	13.397	0	70.9520761537225	12	0.228776440392883	0.000412211010759501
0.0688725476757036	181.98	190	-30.4	13.397	13.397	0	66.3758263108453	12	0.228776440392883	0.000352829647952351
0.0701164577622012	181.98	190	-30.4	13.397	13.397	0	68.1296242403309	12	0.228776440392883	0.000343659703140349
0.0707909280322759	181.98	190	-30.4	13.397	13.397	0	71.0535564153328	12	0.228776440392883	0.000389131122991083
0.0701459847020491	181.98	190	-30.4	13.397	13.397	0	72.9365352404634	12	0.228776440392883	0.000477751867124491
0.069307497272654	181.98	190	-30.4	13.397	13.397	0	68.2494498447519	12	0.228776440392883	0.000383285205069192
0.0712481337182865	181.98	190	-30.4	13.397	13.397	0	73.0127473006982	12	0.228776440392883	0.000420496392500892
0.0706767606349228	181.98	190	-30.4	13.397	13.397	0	67.0513454150842	12	0.228776440392883	0.000301337438299316
0.0712740373647207	181.98	190	-30.4	13.397	13.397	0	68.0301692970261	12	0.228776440392883	0.000305314290293071
0.0712935044884393	181.98	190	-30.4	13.397	13.397	0	72.9602756624503	12	0.228776440392883	0.000416979278014852
0.0695223453109045	181.98	190	-30.4	13.397	13.397	0	70.5066190051619	12	0.228776440392883	0.00043840406465771
0.0704958834110534	181.98	190	-30.4	13.397	13.397	0	70.0405562899637	12	0.228776440392883	0.000375765887980278
0.0703275446661742	181.98	190	-30.4	13.397	13.397	0	72.3005710861339	12	0.228776440392883	0.000447422600404932
0.0715983244714066	181.98	190	-30.4	13.397	13.397	0	68.811960509547	12	0.228776440392883	0.000312595222463187
0.0709013505411711	181.98	190	-30.4	13.397	13.397	0	75.0541076515065	12	0.228776440392883	0.000499229584150214
0.0681720669401156	181.98	190	-30.4	13.397	13.397	0	66.0920142765812	12	0.228776440392883	0.00038006746463409
0.0714703412923359	181.98	190	-30.4	13.397	13.397	0	69.3741398426878	12	0.228776440392883	0.000326401737739414
0.0704856316147541	181.98	190	-30.4	13.397	13.397	0	69.8291536563932	12	0.228776440392883	0.000370786686831026
0.0698553809659173	181.98	190	-30.4	13.397	13.397	0	70.0618707044907	12	0.228776440392883	0.000406894476392226
0.0696574202602019	181.98	190	-30.4	13.397	13.397	0	70.9385203237461	12	0.228776440392883	0.00044395164086699
0.0706622329571278	181.98	190	-30.4	13.397	13.397	0	73.1800824124768	12	0.228776440392883	0.000455255880597612
0.0667871584067465	181.98	190	-30.4	13.397	13.397	0	67.1468523862477	12	0.228776440392883	0.000501224823178483
0.0707564541230833	181.98	190	-30.4	13.397	13.397	0	69.3106954696769	12	0.228776440392883	0.000347420879658806
0.0699104504222488	181.98	190	-30.4	13.397	13.397	0	74.5877338762007	12	0.228776440392883	0.000548695315452856
0.0712273677673132	181.98	190	-30.4	13.397	13.397	0	67.5658746845605	12	0.228776440392883	0.000297885809310909
0.0682244269643605	181.98	190	-30.4	13.397	13.397	0	69.2779323953	12	0.228776440392883	0.000478930883363375
0.070459728452698	181.98	190	-30.4	13.397	13.397	0	70.2900362307611	12	0.228776440392883	0.000383873906523775
0.0692565497931364	181.98	190	-30.4	13.397	13.397	0	71.8628027084822	12	0.228776440392883	0.000498992428673368
0.07036654800904	181.98	190	-30.4	13.397	13.397	0	70.3335881292246	12	0.228776440392883	0.000389301804919685
0.069857609134718	181.98	190	-30.4	13.397	13.397	0	70.955151811191	12	0.228776440392883	0.00043307425155846
0.0701485334667001	181.98	190	-30.4	13.397	13.397	0	72.3351361078059	12	0.228776440392883	0.000458688364974386
0.0718644258935089	181.98	190	-30.4	13.397	13.397	0	68.7157490446118	12	0.228776440392883	0.000305860270921939
0.0703371184286587	181.98	190	-30.4	13.397	13.397	0	72.7919958900793	12	0.228776440392883	0.000461869875519904
0.0688661344693967	181.98	190	-30.4	13.397	13.397	0	66.7946145901991	12	0.228776440392883	0.000364566832065509
0.069734362548619	181.98	190	-30.4	13.397	13.397	0	71.9455096020018	12	0.228776440392883	0.000471167798117437
0.0704441744076532	181.98	190	-30.4	13.397	13.397	0	68.1040836325586	12	0.228776440392883	0.000330813185818681
0.0711219819353332	181.98	190	-30.4	13.397	13.397	0	68.697331719553	12	0.228776440392883	0.000322169718963462
0.0701864462474465	181.98	190	-30.4	13.397	13.397	0	70.1773068488439	12	0.228776440392883	0.000393584990698921
0.0719660861092636	181.98	190	-30.4	13.397	13.397	0	66.8490530353391	12	0.228776440392883	0.000277247820767537
0.070576699825857	181.98	190	-30.4	13.397	13.397	0	68.8992622005802	12	0.228776440392883	0.00034439374563043
0.070470734849481	181.98	190	-30.4	13.397	13.397	0	69.7416733449075	12	0.228776440392883	0.000369193781374244
0.0697846707104168	181.98	190	-30.4	13.397	13.397	0	66.0952212565058	12	0.228776440392883	0.000308649474825308
0.0707835896205837	181.98	190	-30.4	13.397	13.397	0	74.3568131432155	12	0.228776440392883	0.000484335450494495
0.0707071445227523	181.98	190	-30.4	13.397	13.397	0	67.8775217281757	12	0.228776440392883	0.00031727134258994
0.0703921770950488	181.98	190	-30.4	13.397	13.397	0	70.11787589668	12	0.228776440392883	0.00038238076823965
0.0693934771610768	181.98	190	-30.4	13.397	13.397	0	66.2645947522224	12	0.228776440392883	0.000327213037962495
0.0702499962559061	181.98	190	-30.4	13.397	13.397	0	67.6771390905053	12	0.228776440392883	0.000327959919909497
0.0707846436306492	181.98	190	-30.4	13.397	13.397	0	74.591667813184	12	0.228776440392883	0.000491642820545233
0.0719537911150394	181.98	190	-30.4	13.397	13.397	0	67.6701057827573	12	0.228776440392883	0.000288410487472014
0.0706466547284062	181.98	190	-30.4	13.397	13.397	0	73.445701385391	12	0.228776440392883	0.000464163555055522
0.0704967905193506	181.98	190	-30.4	13.397	13.397	0	70.7673592135078	12	0.228776440392883	0.000394906291122241
0.0716105680892555	181.98	190	-30.4	13.397	13.397	0	70.3586634572788	12	0.228776440392883	0.000342734717556636
0.0718672943144734	181.98	190	-30.4	13.397	13.397	0	67.8938144721598	12	0.228776440392883	0.000292663882163078
0.0718312654646011	181.98	190	-30.4	13.397	13.397	0	70.2267711580717	12	0.228776440392883	0.000334138441230121
0.0689797099733678	181.98	190	-30.4	13.397	13.397	0	65.8611684941286	12	0.228776440392883	0.000334489512061151
0.0718558654490698	181.98	190	-30.4	13.397	13.397	0	67.5539489554519	12	0.228776440392883	0.00028772672165621
0.0714277101415481	181.98	190	-30.4	13.397	13.397	0	71.3781447567702	12	0.228776440392883	0.000371494397949187
0.0693913507571688	181.98	190	-30.4	13.397	13.397	0	72.5146407792328	12	0.228776440392883	0.000512294886002554
0.0707877164340868	181.98	190	-30.4	13.397	13.397	0	72.089324563964	12	0.228776440392883	0.000417185080910185
0.0701604831401472	181.98	190	-30.4	13.397	13.397	0	71.7018213985376	12	0.228776440392883	0.000438704812162003
0.0692306039535433	181.98	190	-30.4	13.397	13.397	0	70.7420264694236	12	0.228776440392883	0.000463338559099106
0.0694979875723572	181.98	190	-30.4	13.397	13.397	0	72.1484352738243	12	0.228776440392883	0.00049277797488699
0.0715894318487491	181.98	190	-30.4	13.397	13.397	0	71.2594747572536	12	0.228776440392883	0.000363080442468551
0.0699115157743865	181.98	190	-30.4	13.397	13.397	0	72.5278857503237	12	0.228776440392883	0.000479022265426447
0.0692356606170621	181.98	190	-30.4	13.397	13.397	0	66.2951090677167	12	0.228776440392883	0.000334489200229002
0.0705677313953958	181.98	190	-30.4	13.397	13.397	0	71.7427035874148	12	0.228776440392883	0.000418389891838577
0.0706653198116647	181.98	190	-30.4	13.397	13.397	0	71.967662289369	12	0.228776440392883	0.000419836732466283
0.0700700270196874	181.98	190	-30.4	13.397	13.397	0	72.9155805146351	12	0.228776440392883	0.000481732939167573
0.0710263820176088	181.98	190	-30.4	13.397	13.397	0	72.2338768998819	12	0.228776440392883	0.000409774704559794
0.070261031514908	181.98	190	-30.4	13.397	13.397	0	67.2786311898547	12	0.228776440392883	0.000318622324712526
0.0707409755041419	181.98	190	-30.4	13.397	13.397	0	77.148775038364	12	0.228776440392883	0.00057999287463074
0.0697716486068449	181.98	190	-30.4	13.397	13.397	0	66.6278399304222	12	0.228776440392883	0.000321208886330518
0.0714687612143704	181.98	190	-30.4	13.397	13.397	0	67.142471037175	12	0.228776440392883	0.000286429357547892
0.0695038530631439	181.98	190	-30.4	13.397	13.397	0	68.5447776745537	12	0.228776440392883	0.000381770103567479
0.0699973518997111	181.98	190	-30.4	13.397	13.397	0	72.1306817235503	12	0.228776440392883	0.000461188484993112
0.0697813532054066	181.98	190	-30.4	13.397	13.397	0	70.2290064796682	12	0.228776440392883	0.000415642602108488
0.068537321670549	181.98	190	-30.4	13.397	13.397	0	67.0694575920395	12	0.228776440392883	0.000389345318864335
0.0710732528526601	181.98	190	-30.4	13.397	13.397	0	68.7374403083335	12	0.228776440392883	0.000324390597887084
0.0717564755769553	181.98	190	-30.4	13.397	13.397	0	69.8042305902592	12	0.228776440392883	0.000327705551684571
0.0721522895993824	181.98	190	-30.4	13.397	13.397	0	66.8504421072705	12	0.228776440392883	0.000276609049839106
0.0685415970433615	181.98	190	-30.4	13.397	13.397	0	73.3175416437597	12	0.228776440392883	0.000604354782851099
0.0691926289020116	181.98	190	-30.4	13.397	13.397	0	71.620756868531	12	0.228776440392883	0.000494990535746108
0.0696075135389639	181.98	190	-30.4	13.397	13.397	0	68.9135678911536	12	0.228776440392883	0.000386921192945251
0.0709588251192226	181.98	190	-30.4	13.397	13.397	0	69.8412499197619	12	0.228776440392883	0.000352450189601991
0.0699073164090802	181.98	190	-30.4	13.397	13.397	0	69.6996260640312	12	0.228776440392883	0.000394002464962643
0.0708980142562471	181.98	190	-30.4	13.397	13.397	0	70.6410848529902	12	0.228776440392883	0.000374065539035899
0.0715134930206406	181.98	190	-30.4	13.397	13.397	0	68.7133559817934	12	0.228776440392883	0.000312623334984898
0.0706115658838376	181.98	190	-30.4	13.397	13.397	0	73.9587073946585	12	0.228776440392883	0.000482072653659195
0.0718783325832313	181.98	190	-30.4	13.397	13.397	0	67.9829181422508	12	0.228776440392883	0.000293887425984099
0.0712596850551392	181.98	190	-30.4	13.397	13.397	0	69.4670192666042	12	0.228776440392883	0.000334211137543921
0.0712628627462387	181.98	190	-30.4	13.397	13.397	0	66.5622010505429	12	0.228776440392883	0.000280374591706046
0.0716181172730662	181.98	190	-30.4	13.397	13.397	0	68.1067665052316	12	0.228776440392883	0.000299790840107771
0.0688689388427681	181.98	190	-30.4	13.397	13.397	0	68.770902368504	12	0.228776440392883	0.000422391161069396
0.070829692363266	181.98	190	-30.4	13.397	13.397	0	73.7001769339835	12	0.228776440392883	0.000461578640608423
0.0710673256464665	181.98	190	-30.4	13.397	13.397	0	68.520213719086	12	0.228776440392883	0.000320083584829912
0.069787845616406	181.98	190	-30.4	13.397	13.397	0	73.1453077641059	12	0.228776440392883	0.000507309661682926
0.0712079847437917	181.98	190	-30.4	13.397	13.397	0	72.2062091765775	12	0.228776440392883	0.00040087675915426
0.0686567456415482	181.98	190	-30.4	13.397	13.397	0	67.8128098963681	12	0.228776440392883	0.000405062837734507
0.0714931883003714	181.98	190	-30.4	13.397	13.397	0	70.7139251704853	12	0.228776440392883	0.000354007187297547
0.0678576838972238	181.98	190	-30.4	13.397	13.397	0	70.6979466902555	12	0.228776440392883	0.00055633219826211
0.0703957170560069	181.98	190	-30.4	13.397	13.397	0	72.2167607888581	12	0.228776440392883	0.000441148382824183
0.0718919223268365	181.98	190	-30.4	13.397	13.397	0	68.2286910181696	12	0.228776440392883	0.000297525949956103
0.0687777970563171	181.98	190	-30.4	13.397	13.397	0	68.4396439982929	12	0.228776440392883	0.000417387158130472
0.0704252834936959	181.98	190	-30.4	13.397	13.397	0	71.4711025090845	12	0.228776440392883	0.000417902138972053
0.071781158796481	181.98	190	-30.4	13.397	13.397	0	67.5272494205048	12	0.228776440392883	0.000288172627996155
0.0708475638886342	181.98	190	-30.4	13.397	13.397	0	77.5647919489447	12	0.228776440392883	0.000587038366100778
0.0710913048837213	181.98	190	-30.4	13.397	13.397	0	67.6365251869921	12	0.228776440392883	0.000302185813655245
0.0697938252435469	181.98	190	-30.4	13.397	13.397	0	72.2597362055742	12	0.228776440392883	0.000477642872863437
0.0676367527396473	181.98	190	-30.4	13.397	13.397	0	67.5746007753304	12	0.228776440392883	0.000459005379665667
0.0702909405377596	181.98	190	-30.4	13.397	13.397	0	69.1404190967855	12	0.228776440392883	0.000361562576466822
0.0700288028690034	181.98	190	-30.4	13.397	13.397	0	67.8863775577573	12	0.228776440392883	0.000341229057370614
0.0682002089966569	181.98	190	-30.4	13.397	13.397	0	68.8272947897252	12	0.228776440392883	0.000465129520931848
0.069229489134474	181.98	190	-30.4	13.397	13.397	0	67.7329559440122	12	0.228776440392883	0.000372733813908647
0.0690356226724151	181.98	190	-30.4	13.397	13.397	0	70.9159615569346	12	0.228776440392883	0.000481454941140186
0.0671772530602376	181.98	190	-30.4	13.397	13.397	0	67.5188690671242	12	0.228776440392883	0.00048769661466351
0.0715950615868174	181.98	190	-30.4	13.397	13.397	0	67.4748372159003	12	0.228776440392883	0.000289822695810383
0.0670169011987019	181.98	190	-30.4	13.397	13.397	0	67.2502547639655	12	0.228776440392883	0.000489033999262856
0.066359179692907	181.98	190	-30.4	13.397	13.397	0	68.6536595640097	12	0.228776440392883	0.000591512913842357
0.0673660752590431	181.98	190	-30.4	13.397	13.397	0	68.6188429494784	12	0.228776440392883	0.000514511545570723
0.0700323377620141	181.98	190	-30.4	13.397	13.397	0	74.7110556513214	12	0.228776440392883	0.000544476785591761
0.0716202310814912	181.98	190	-30.4	13.397	13.397	0	67.6853430564214	12	0.228776440392883	0.000292804617634719
0.0713064869650644	181.98	190	-30.4	13.397	13.397	0	69.4591600055023	12	0.228776440392883	0.00033266709158675
0.0716068609315147	181.98	190	-30.4	13.397	13.397	0	69.8938313660791	12	0.228776440392883	0.000333248454348597
0.0707246726133843	181.98	190	-30.4	13.397	13.397	0	75.1832980508421	12	0.228776440392883	0.000514335892176839
0.0696393023957839	181.98	190	-30.4	13.397	13.397	0	66.9946191560477	12	0.228776440392883	0.000335105434210411
0.0692590877062819	181.98	190	-30.4	13.397	13.397	0	66.7192356710507	12	0.228776440392883	0.000344268968302455
0.0690904406655951	181.98	190	-30.4	13.397	13.397	0	69.0483075071585	12	0.228776440392883	0.000418294029515217
0.0701290115346425	181.98	190	-30.4	13.397	13.397	0	73.498217864004	12	0.228776440392883	0.00049697544212824
0.0709535505101233	181.98	190	-30.4	13.397	13.397	0	72.7174070994976	12	0.228776440392883	0.000426540321770476
0.0706904735153902	181.98	190	-30.4	13.397	13.397	0	66.3505599200586	12	0.228776440392883	0.000287723910799367
0.0716037518906336	181.98	190	-30.4	13.397	13.397	0	67.5391741834377	12	0.228776440392883	0.000290714944977292
0.0698163622290611	181.98	190	-30.4	13.397	13.397	0	66.8803968150728	12	0.228776440392883	0.000325432098722246
0.070857306474583	181.98	190	-30.4	13.397	13.397	0	71.7340983646103	12	0.228776440392883	0.000404161369027256
0.0700296551725965	181.98	190	-30.4	13.397	13.397	0	70.942513665478	12	0.228776440392883	0.000423296899330002
0.0711319522551645	181.98	190	-30.4	13.397	13.397	0	68.795055388018	12	0.228776440392883	0.000323894910706816
0.0713715583978159	181.98	190	-30.4	13.397	13.397	0	71.9509988279506	12	0.228776440392883	0.00038753807092776
0.0708167633691729	181.98	190	-30.4	13.397	13.397	0	68.8087766060322	12	0.228776440392883	0.000333904859697283
0.071361815270689	181.98	190	-30.4	13.397	13.397	0	67.9320195625218	12	0.228776440392883	0.000301635889161499
0.0708942023477197	181.98	190	-30.4	13.397	13.397	0	67.2223280675011	12	0.228776440392883	0.000299097884867302
0.0699369176426244	181.98	190	-30.4	13.397	13.397	0	72.1453553606479	12	0.228776440392883	0.000465248975600807
0.0718372915892598	181.98	190	-30.4	13.397	13.397	0	67.8688832069476	12	0.228776440392883	0.000292657152716528
0.0713425419785886	181.98	190	-30.4	13.397	13.397	0	73.2106658281527	12	0.228776440392883	0.000421455734460861
0.0711456713391141	181.98	190	-30.4	13.397	13.397	0	66.6730988321973	12	0.228776440392883	0.000284090952641983
0.0704345626548449	181.98	190	-30.4	13.397	13.397	0	67.409144666737	12	0.228776440392883	0.000315781416108044
0.0707509776888633	181.98	190	-30.4	13.397	13.397	0	71.317135463649	12	0.228776440392883	0.000397888852783114
0.0723534350987822	181.98	190	-30.4	13.397	13.397	0	67.3123078722932	12	0.228776440392883	0.000281673621506577
0.0703467038413344	181.98	190	-30.4	13.397	13.397	0	68.6319726468519	12	0.228776440392883	0.000346768145501156
0.0726663411042058	181.98	190	-30.4	13.397	13.397	0	72.0020525202139	12	0.228776440392883	0.00034954360343354
0.0713863446796403	181.98	190	-30.4	13.397	13.397	0	66.7858618258189	12	0.228776440392883	0.000282044940299498
0.0680954531414883	181.98	190	-30.4	13.397	13.397	0	65.4128797523765	12	0.228776440392883	0.000364338506383663
0.0699060971861679	181.98	190	-30.4	13.397	13.397	0	66.3554535116501	12	0.228776440392883	0.000310250946191873
0.0715637050934305	181.98	190	-30.4	13.397	13.397	0	69.5406231461467	12	0.228776440392883	0.000327301452613552
0.0705539250049564	181.98	190	-30.4	13.397	13.397	0	73.3897817773976	12	0.228776440392883	0.000467762872917632
0.07122508659664	181.98	190	-30.4	13.397	13.397	0	69.8367091818311	12	0.228776440392883	0.000343263852443397
0.0703893424219565	181.98	190	-30.4	13.397	13.397	0	72.6275238073816	12	0.228776440392883	0.000453847507477759
0.070212441781536	181.98	190	-30.4	13.397	13.397	0	72.0977673281706	12	0.228776440392883	0.000447746025570068
0.0693039995076259	181.98	190	-30.4	13.397	13.397	0	66.3347541100856	12	0.228776440392883	0.00033260736093148
0.0706545834591264	181.98	190	-30.4	13.397	13.397	0	73.2262150914207	12	0.228776440392883	0.000457068012719986
0.0702369679779162	181.98	190	-30.4	13.397	13.397	0	71.5451455224424	12	0.228776440392883	0.000429888346049584
0.0718551734367624	181.98	190	-30.4	13.397	13.397	0	68.071426927078	12	0.228776440392883	0.000295557372810704
0.07049680240449	181.98	190	-30.4	13.397	13.397	0	73.1715109782444	12	0.228776440392883	0.000464341156880044
0.0713682351415695	181.98	190	-30.4	13.397	13.397	0	73.5991002014566	12	0.228776440392883	0.000430824920730295
0.0687827482491476	181.98	190	-30.4	13.397	13.397	0	71.7654708985017	12	0.228776440392883	0.000528131514013117
0.0682485905805967	181.98	190	-30.4	13.397	13.397	0	73.6101738416638	12	0.228776440392883	0.000639748681844319
0.0715110264619883	181.98	190	-30.4	13.397	13.397	0	69.9382156056742	12	0.228776440392883	0.00033678950699652
0.070243812164465	181.98	190	-30.4	13.397	13.397	0	69.716673706557	12	0.228776440392883	0.000378500841077277
0.0703750398924015	181.98	190	-30.4	13.397	13.397	0	68.3279696247492	12	0.228776440392883	0.000338469744897984
0.0682010190238032	181.98	190	-30.4	13.397	13.397	0	65.6715031725129	12	0.228776440392883	0.000366327266715389
0.0709227206933466	181.98	190	-30.4	13.397	13.397	0	71.6486462087168	12	0.228776440392883	0.000398893032916826
0.0693031838082066	181.98	190	-30.4	13.397	13.397	0	68.8258139493576	12	0.228776440392883	0.000400037089636516
0.0685574889855873	181.98	190	-30.4	13.397	13.397	0	66.9569908119933	12	0.228776440392883	0.000384955525292105
0.0715789610433231	181.98	190	-30.4	13.397	13.397	0	67.1637989998349	12	0.228776440392883	0.000285209646518384
0.07075722198667	181.98	190	-30.4	13.397	13.397	0	69.1064081830996	12	0.228776440392883	0.000342663995722569
0.0717288789521141	181.98	190	-30.4	13.397	13.397	0	67.7977557451162	12	0.228776440392883	0.000293000518387244
0.0710799212548412	181.98	190	-30.4	13.397	13.397	0	68.9353620829263	12	0.228776440392883	0.000328340298971596
0.0696948025572424	181.98	190	-30.4	13.397	13.397	0	65.9906122099206	12	0.228776440392883	0.000309442429386905
0.069950347381433	181.98	190	-30.4	13.397	13.397	0	67.7548247062208	12	0.228776440392883	0.000341155366261542
0.0704445159041674	181.98	190	-30.4	13.397	13.397	0	74.4729913885656	12	0.228776440392883	0.000508891277726583
0.0702228960228753	181.98	190	-30.4	13.397	13.397	0	66.3238486139699	12	0.228776440392883	0.00029949592675234
0.0692490339178045	181.98	190	-30.4	13.397	13.397	0	67.9580686565677	12	0.228776440392883	0.000378030067184793
0.0701386748540109	181.98	190	-30.4	13.397	13.397	0	67.2693865554541	12	0.228776440392883	0.000322632732700938
0.0721223782363166	181.98	190	-30.4	13.397	13.397	0	68.452609104698	12	0.228776440392883	0.000298137511439648
0.069525378520609	181.98	190	-30.4	13.397	13.397	0	70.2000009270965	12	0.228776440392883	0.000428832275046601
0.0684350255788087	181.98	190	-30.4	13.397	13.397	0	68.8794892879021	12	0.228776440392883	0.000451937091931473
0.0702800420215808	181.98	190	-30.4	13.397	13.397	0	68.3700047463471	12	0.228776440392883	0.000343059087671115
0.0713459616769306	181.98	190	-30.4	13.397	13.397	0	69.9187229713032	12	0.228776440392883	0.000341249620342729
0.0708945881108913	181.98	190	-30.4	13.397	13.397	0	69.1342719886673	12	0.228776440392883	0.000338552546572737
0.0703555082482318	181.98	190	-30.4	13.397	13.397	0	67.811649060561	12	0.228776440392883	0.000327292197466663
0.0689340026028973	181.98	190	-30.4	13.397	13.397	0	69.5935934777795	12	0.228776440392883	0.00044444936936529
0.0695294892023326	181.98	190	-30.4	13.397	13.397	0	68.029866574401	12	0.228776440392883	0.00036647420117639
0.069663683640948	181.98	190	-30.4	13.397	13.397	0	67.0915998282066	12	0.228776440392883	0.000336494433518929
0.0702089942078445	181.98	190	-30.4	13.397	13.397	0	72.9396243094517	12	0.228776440392883	0.000474039988601593
0.0687057978013234	181.98	190	-30.4	13.397	13.397	0	69.5252755506437	12	0.228776440392883	0.000456254456587385
0.070136559367815	181.98	190	-30.4	13.397	13.397	0	67.8407043227657	12	0.228776440392883	0.000335948188720804
0.0699382201979937	181.98	190	-30.4	13.397	13.397	0	73.0879507615231	12	0.228776440392883	0.000495631137632952
0.0717900025135429	181.98	190	-30.4	13.397	13.397	0	67.6248686293841	12	0.228776440392883	0.000289533045352194
0.0706893432860537	181.98	190	-30.4	13.397	13.397	0	73.6574533960478	12	0.228776440392883	0.000468196588265972
0.0719681281122367	181.98	190	-30.4	13.397	13.397	0	67.3398421860332	12	0.228776440392883	0.000283673716894051
0.0724496328170791	181.98	190	-30.4	13.397	13.397	0	72.0630163479156	12	0.228776440392883	0.000355440564096648
0.0685260759187501	181.98	190	-30.4	13.397	13.397	0	70.1063680735583	12	0.228776440392883	0.000487424079501104
0.0683603583771613	181.98	190	-30.4	13.397	13.397	0	69.5857154496011	12	0.228776440392883	0.000480516957263503
0.0700208880535967	181.98	190	-30.4	13.397	13.397	0	71.6823810843382	12	0.228776440392883	0.00044594902291697
0.0699711691674803	181.98	190	-30.4	13.397	13.397	0	69.6848876774991	12	0.228776440392883	0.000390457737486841
0.0705273505314137	181.98	190	-30.4	13.397	13.397	0	69.8247356733949	12	0.228776440392883	0.00036890895231933
0.0709791342589141	181.98	190	-30.4	13.397	13.397	0	67.1453398180223	12	0.228776440392883	0.000295677005264336
0.0697877609173753	181.98	190	-30.4	13.397	13.397	0	66.4647448806558	12	0.228776440392883	0.000316861055640866
0.0690720994231765	181.98	190	-30.4	13.397	13.397	0	67.4164542849085	12	0.228776440392883	0.00037169147459121
0.0682602292543497	181.98	190	-30.4	13.397	13.397	0	65.3901116761169	12	0.228776440392883	0.000355389547934172
0.0709400632480893	181.98	190	-30.4	13.397	13.397	0	70.1278757759452	12	0.228776440392883	0.00035989838619304
0.0698108615160848	181.98	190	-30.4	13.397	13.397	0	69.4288981595802	12	0.228776440392883	0.000391224949978416
0.0709579612175885	181.98	190	-30.4	13.397	13.397	0	74.0145019897319	12	0.228776440392883	0.000463899594480602
0.0690743259737755	181.98	190	-30.4	13.397	13.397	0	67.091956900593	12	0.228776440392883	0.000362646092295378
0.070713195527637	181.98	190	-30.4	13.397	13.397	0	68.4483534219314	12	0.228776440392883	0.000329364839955426
0.0710063591760037	181.98	190	-30.4	13.397	13.397	0	66.7805521941808	12	0.228776440392883	0.000288564763064167
0.0692529098148049	181.98	190	-30.4	13.397	13.397	0	69.7662105978661	12	0.228776440392883	0.000431062351104829
0.0713551803329017	181.98	190	-30.4	13.397	13.397	0	68.1821420004443	12	0.228776440392883	0.000306310510476142
0.0695665548632448	181.98	190	-30.4	13.397	13.397	0	68.9405062640069	12	0.228776440392883	0.000389726049181756
0.0686977901482809	181.98	190	-30.4	13.397	13.397	0	69.1255573709301	12	0.228776440392883	0.00044373934823539
0.0709536070911296	181.98	190	-30.4	13.397	13.397	0	71.1020369400663	12	0.228776440392883	0.00038336789468914
0.0699017974289827	181.98	190	-30.4	13.397	13.397	0	69.2835165334193	12	0.228776440392883	0.000382793630863427
0.070520222986489	181.98	190	-30.4	13.397	13.397	0	73.9506523272424	12	0.228776440392883	0.000487305116566001
0.0698967688062988	181.98	190	-30.4	13.397	13.397	0	66.702825469262	12	0.228776440392883	0.000318368062604861
0.0716105477123641	181.98	190	-30.4	13.397	13.397	0	67.303029168082	12	0.228776440392883	0.000286924580000836
0.0697776852275921	181.98	190	-30.4	13.397	13.397	0	69.3618385300701	12	0.228776440392883	0.00039099746672748
0.0701879368912204	181.98	190	-30.4	13.397	13.397	0	71.3190424245826	12	0.228776440392883	0.000425879024980072
