0.0719821834004714	181.98	190	-30.4	13.397	13.397	0	66.2052953411686	12	0.228776440392883	0.000269510946869274
0.0721716304862113	181.98	190	-30.4	13.397	13.397	0	66.2078410455583	12	0.228776440392883	0.000269584929934284
0.072006569502905	181.98	190	-30.4	13.397	13.397	0	65.9936617700926	12	0.228776440392883	0.00026717870604193
0.0722224920198994	181.98	190	-30.4	13.397	13.397	0	66.1556791195233	12	0.228776440392883	0.000269189111768952
0.0717896420410862	181.98	190	-30.4	13.397	13.397	0	65.8648291989166	12	0.228776440392883	0.000266041946644431
0.0720378332973246	181.98	190	-30.4	13.397	13.397	0	65.9735440410352	12	0.228776440392883	0.000266981791865335
0.0710457662144967	181.98	190	-30.4	13.397	13.397	0	65.2150198900714	12	0.228776440392883	0.000263140352976467
0.0713872337002029	181.98	190	-30.4	13.397	13.397	0	66.3450489962108	12	0.228776440392883	0.000275373154303833
0.0714835899097221	181.98	190	-30.4	13.397	13.397	0	66.0065998561906	12	0.228776440392883	0.000269603470834271
0.0719978035176339	181.98	190	-30.4	13.397	13.397	0	65.279801928055	12	0.228776440392883	0.000260067400208613
0.0715446979680873	181.98	190	-30.4	13.397	13.397	0	65.3068479991851	12	0.228776440392883	0.000260393031621847
0.0713021571425834	181.98	190	-30.4	13.397	13.397	0	65.2735841162714	12	0.228776440392883	0.000261426846429491
0.0717573993055604	181.98	190	-30.4	13.397	13.397	0	65.8570141665985	12	0.228776440392883	0.000266051909388915
0.0714444506076155	181.98	190	-30.4	13.397	13.397	0	66.7729479003915	12	0.228776440392883	0.000281038671135757
0.0714907221804496	181.98	190	-30.4	13.397	13.397	0	65.2941369155545	12	0.228776440392883	0.000260482364536163
0.071227917463469	181.98	190	-30.4	13.397	13.397	0	65.8148509767439	12	0.228776440392883	0.000269569961116469
0.0712531007469511	181.98	190	-30.4	13.397	13.397	0	66.0881690802524	12	0.228776440392883	0.000273259730205272
0.0719736090641555	181.98	190	-30.4	13.397	13.397	0	65.0404141081534	12	0.228776440392883	0.000257804499676757
0.0718552400285632	181.98	190	-30.4	13.397	13.397	0	65.5986997144642	12	0.228776440392883	0.000262979882500942
0.0716730646430335	181.98	190	-30.4	13.397	13.397	0	66.3204626205508	12	0.228776440392883	0.000272259061964668
0.0714125359219672	181.98	190	-30.4	13.397	13.397	0	65.4922236366311	12	0.228776440392883	0.000263409212586199
0.0721925362972672	181.98	190	-30.4	13.397	13.397	0	66.2391056653562	12	0.228776440392883	0.000269945369382918
0.0717467386911883	181.98	190	-30.4	13.397	13.397	0	65.5745550174082	12	0.228776440392883	0.000262844714509352
0.0722263034539405	181.98	190	-30.4	13.397	13.397	0	66.1101124012388	12	0.228776440392883	0.000268756310486771
0.0716831521765091	181.98	190	-30.4	13.397	13.397	0	65.7200387654855	12	0.228776440392883	0.000264709323260585
0.0712669473454011	181.98	190	-30.4	13.397	13.397	0	65.9913010876766	12	0.228776440392883	0.000271659987840913
0.0716814029952041	181.98	190	-30.4	13.397	13.397	0	65.5530655946787	12	0.228776440392883	0.000262767345301204
0.0722274494855391	181.98	190	-30.4	13.397	13.397	0	66.0798163066285	12	0.228776440392883	0.000268467153504862
0.0718947852540943	181.98	190	-30.4	13.397	13.397	0	66.2111928487649	12	0.228776440392883	0.000269768180937808
0.0714507908230107	181.98	190	-30.4	13.397	13.397	0	66.5851702167529	12	0.228776440392883	0.000278137064324782
0.0713691847812384	181.98	190	-30.4	13.397	13.397	0	65.1114490163034	12	0.228776440392883	0.000258923933481352
0.0716678071350577	181.98	190	-30.4	13.397	13.397	0	65.8196985360506	12	0.228776440392883	0.000265969289287836
0.0710370331821077	181.98	190	-30.4	13.397	13.397	0	65.3488380393324	12	0.228776440392883	0.000265162720659991
0.0720376771936289	181.98	190	-30.4	13.397	13.397	0	65.3574716504134	12	0.228776440392883	0.000260941424811587
0.0720712073369256	181.98	190	-30.4	13.397	13.397	0	66.046667763938	12	0.228776440392883	0.000267775632107401
0.0720989103768203	181.98	190	-30.4	13.397	13.397	0	66.246253131391	12	0.228776440392883	0.000269902229076386
0.0710982474992685	181.98	190	-30.4	13.397	13.397	0	65.3255078097425	12	0.228776440392883	0.000264096542825099
0.0717347358415266	181.98	190	-30.4	13.397	13.397	0	65.7406874484426	12	0.228776440392883	0.000264769311690103
0.0712419006497744	181.98	190	-30.4	13.397	13.397	0	65.5608027022983	12	0.228776440392883	0.000265822142854451
0.0716420572388254	181.98	190	-30.4	13.397	13.397	0	65.6450956910843	12	0.228776440392883	0.000263986581402112
0.071881108632292	181.98	190	-30.4	13.397	13.397	0	66.5603840579336	12	0.228776440392883	0.000274051404971287
0.0717131781672064	181.98	190	-30.4	13.397	13.397	0	66.8242398698162	12	0.228776440392883	0.00027873912960212
0.0718183128502971	181.98	190	-30.4	13.397	13.397	0	66.5514396506549	12	0.228776440392883	0.000274286416033309
0.0715763135044775	181.98	190	-30.4	13.397	13.397	0	65.6543178015111	12	0.228776440392883	0.000264412199679146
0.0715136484858077	181.98	190	-30.4	13.397	13.397	0	65.8129806573834	12	0.228776440392883	0.000266806019038883
0.0721078937944211	181.98	190	-30.4	13.397	13.397	0	65.961811145903	12	0.228776440392883	0.000266964454677876
0.0725130377472942	181.98	190	-30.4	13.397	13.397	0	66.5881020800591	12	0.228776440392883	0.000274601153889061
0.0716524476689686	181.98	190	-30.4	13.397	13.397	0	65.6880155185919	12	0.228776440392883	0.000264454105132471
0.0713640845711391	181.98	190	-30.4	13.397	13.397	0	66.1033613009275	12	0.228776440392883	0.000272141649528645
0.0714647543771089	181.98	190	-30.4	13.397	13.397	0	66.1207956881785	12	0.228776440392883	0.000271335550152394
0.0717358281645265	181.98	190	-30.4	13.397	13.397	0	65.3386568970081	12	0.228776440392883	0.000260272489131679
0.0719201672204854	181.98	190	-30.4	13.397	13.397	0	65.2759068855264	12	0.228776440392883	0.000259779679777856
0.0720313790526951	181.98	190	-30.4	13.397	13.397	0	67.0045351052015	12	0.228776440392883	0.000278884603120758
0.0717637990475509	181.98	190	-30.4	13.397	13.397	0	66.3609237568107	12	0.228776440392883	0.000272181224026941
0.0714467659508713	181.98	190	-30.4	13.397	13.397	0	65.4250985194932	12	0.228776440392883	0.000262329369744949
0.0720020389203838	181.98	190	-30.4	13.397	13.397	0	65.3656811482131	12	0.228776440392883	0.000260880389809094
0.0713213852715517	181.98	190	-30.4	13.397	13.397	0	66.9934695681919	12	0.228776440392883	0.00028635308064546
0.0722099243929294	181.98	190	-30.4	13.397	13.397	0	66.1048400931449	12	0.228776440392883	0.000268651276678943
0.071553093464502	181.98	190	-30.4	13.397	13.397	0	65.6325362933671	12	0.228776440392883	0.000264271564023917
0.0724069164309767	181.98	190	-30.4	13.397	13.397	0	65.941397547742	12	0.228776440392883	0.000268222585593251
0.0713700378778086	181.98	190	-30.4	13.397	13.397	0	65.183458037352	12	0.228776440392883	0.000259805736070765
0.0716669676439769	181.98	190	-30.4	13.397	13.397	0	65.6488967004739	12	0.228776440392883	0.000263931883634251
0.0722797443189066	181.98	190	-30.4	13.397	13.397	0	66.1737054245207	12	0.228776440392883	0.000269567008393004
0.0714382802999087	181.98	190	-30.4	13.397	13.397	0	65.2640697812009	12	0.228776440392883	0.000260392556583602
0.071649692010795	181.98	190	-30.4	13.397	13.397	0	66.1980409453738	12	0.228776440392883	0.000270827544008659
0.0718410790729027	181.98	190	-30.4	13.397	13.397	0	66.2630220847672	12	0.228776440392883	0.000270575485037157
0.0723158697216899	181.98	190	-30.4	13.397	13.397	0	66.3515826473001	12	0.228776440392883	0.000271420788964972
0.0715836308071708	181.98	190	-30.4	13.397	13.397	0	66.0710919263646	12	0.228776440392883	0.000269649695153101
0.0723998262708415	181.98	190	-30.4	13.397	13.397	0	66.0398751116032	12	0.228776440392883	0.000269006908509213
0.0723520042915317	181.98	190	-30.4	13.397	13.397	0	66.0605842044031	12	0.228776440392883	0.000268881372710554
0.0712277990815126	181.98	190	-30.4	13.397	13.397	0	65.8157804415249	12	0.228776440392883	0.000269584787550163
0.0718277340217343	181.98	190	-30.4	13.397	13.397	0	66.1558034233076	12	0.228776440392883	0.000269337891769114
0.0716918097820985	181.98	190	-30.4	13.397	13.397	0	65.6855470762915	12	0.228776440392883	0.000264270712308312
0.0720531258629911	181.98	190	-30.4	13.397	13.397	0	65.6089118031782	12	0.228776440392883	0.000263355152796988
0.071669702977616	181.98	190	-30.4	13.397	13.397	0	65.331667047985	12	0.228776440392883	0.000260295847642671
0.0713479580022691	181.98	190	-30.4	13.397	13.397	0	65.3606388000716	12	0.228776440392883	0.000262196958483848
0.0712454248113179	181.98	190	-30.4	13.397	13.397	0	65.1381393293208	12	0.228776440392883	0.00026012509179282
0.0723612421491493	181.98	190	-30.4	13.397	13.397	0	66.4057298255165	12	0.228776440392883	0.000272122779299149
0.0722604107226475	181.98	190	-30.4	13.397	13.397	0	66.3931983346204	12	0.228776440392883	0.000271663118922872
0.071689733012418	181.98	190	-30.4	13.397	13.397	0	66.5067536626423	12	0.228776440392883	0.000274602896616752
0.0714091063917379	181.98	190	-30.4	13.397	13.397	0	65.2448583511474	12	0.228776440392883	0.000260325283250922
0.0722715843865633	181.98	190	-30.4	13.397	13.397	0	66.3761878059253	12	0.228776440392883	0.000271521054180531
0.0714704688883078	181.98	190	-30.4	13.397	13.397	0	66.2328201386007	12	0.228776440392883	0.000272837293209785
0.072010131300683	181.98	190	-30.4	13.397	13.397	0	66.3210282191641	12	0.228776440392883	0.000270775192382306
0.0722858648206129	181.98	190	-30.4	13.397	13.397	0	66.0960029505487	12	0.228776440392883	0.000268858567070956
0.0715033395727101	181.98	190	-30.4	13.397	13.397	0	66.2593338658591	12	0.228776440392883	0.000272879722762229
0.0724129372651549	181.98	190	-30.4	13.397	13.397	0	66.1555731492799	12	0.228776440392883	0.000270101087304817
0.0721001666162424	181.98	190	-30.4	13.397	13.397	0	65.3841769035263	12	0.228776440392883	0.000261473290964177
0.0716244419668721	181.98	190	-30.4	13.397	13.397	0	65.1697312514679	12	0.228776440392883	0.000258597188290098
0.0712905305675612	181.98	190	-30.4	13.397	13.397	0	65.6620205280295	12	0.228776440392883	0.000266723900035812
0.0716679802079046	181.98	190	-30.4	13.397	13.397	0	65.2544394692182	12	0.228776440392883	0.000259447955610195
0.072011967550346	181.98	190	-30.4	13.397	13.397	0	66.2430086357515	12	0.228776440392883	0.000269896076094978
0.071706196863106	181.98	190	-30.4	13.397	13.397	0	66.4583848020621	12	0.228776440392883	0.000273831846988711
0.0717627556436316	181.98	190	-30.4	13.397	13.397	0	65.9490472703955	12	0.228776440392883	0.000267118930512084
0.0711763104132976	181.98	190	-30.4	13.397	13.397	0	65.2688895699064	12	0.228776440392883	0.000262480891518396
0.0715811361487585	181.98	190	-30.4	13.397	13.397	0	65.2908993558944	12	0.228776440392883	0.00026007392697025
0.0715243473375404	181.98	190	-30.4	13.397	13.397	0	65.6348721439248	12	0.228776440392883	0.000264469377647194
0.0714978375700686	181.98	190	-30.4	13.397	13.397	0	65.0453840069813	12	0.228776440392883	0.000257542757122993
0.0716714300519763	181.98	190	-30.4	13.397	13.397	0	66.2753802376917	12	0.228776440392883	0.000271681178563726
0.0711131352727249	181.98	190	-30.4	13.397	13.397	0	65.3113200754558	12	0.228776440392883	0.000263729319722017
0.0719178003989183	181.98	190	-30.4	13.397	13.397	0	66.3199839012931	12	0.228776440392883	0.000270978468164157
0.0721812667994894	181.98	190	-30.4	13.397	13.397	0	65.9373590407288	12	0.228776440392883	0.000266932090378862
0.0713863585499898	181.98	190	-30.4	13.397	13.397	0	64.9727261919496	12	0.228776440392883	0.000257159188292503
0.0712088190425504	181.98	190	-30.4	13.397	13.397	0	65.6089374102312	12	0.228776440392883	0.000266850478250924
0.0715224321061172	181.98	190	-30.4	13.397	13.397	0	65.9881751440616	12	0.228776440392883	0.000269031441669798
0.0716779233634152	181.98	190	-30.4	13.397	13.397	0	65.2127476816841	12	0.228776440392883	0.000258980037168055
0.0713202624092727	181.98	190	-30.4	13.397	13.397	0	66.0007584523123	12	0.228776440392883	0.000271168008334682
0.0722411722486938	181.98	190	-30.4	13.397	13.397	0	66.1647647011291	12	0.228776440392883	0.000269338364445547
0.0718017454189915	181.98	190	-30.4	13.397	13.397	0	65.3392571740848	12	0.228776440392883	0.000260252508445089
0.071526719586552	181.98	190	-30.4	13.397	13.397	0	65.2646488769905	12	0.228776440392883	0.000259971529076431
0.0713035741921199	181.98	190	-30.4	13.397	13.397	0	66.1775145217296	12	0.228776440392883	0.000273939505192772
0.0722417174260476	181.98	190	-30.4	13.397	13.397	0	65.2455491530797	12	0.228776440392883	0.000261280418471931
0.0714788519338968	181.98	190	-30.4	13.397	13.397	0	66.2062668097437	12	0.228776440392883	0.000272382579301092
0.0716697287924062	181.98	190	-30.4	13.397	13.397	0	66.8520798459549	12	0.228776440392883	0.000279551728739278
0.0713319315435363	181.98	190	-30.4	13.397	13.397	0	65.871307857923	12	0.228776440392883	0.000269206353374708
0.0714280186360554	181.98	190	-30.4	13.397	13.397	0	65.4310124730902	12	0.228776440392883	0.000262524631986018
0.0724998345826832	181.98	190	-30.4	13.397	13.397	0	66.3203773132348	12	0.228776440392883	0.000272132642974697
0.0717848974989438	181.98	190	-30.4	13.397	13.397	0	65.8988370905516	12	0.228776440392883	0.000266451157276506
0.0720019342506536	181.98	190	-30.4	13.397	13.397	0	66.2689040798619	12	0.228776440392883	0.00027019870618995
0.0712997934603594	181.98	190	-30.4	13.397	13.397	0	65.1740864325954	12	0.228776440392883	0.000260167222433068
0.0723737318271516	181.98	190	-30.4	13.397	13.397	0	66.3714514912858	12	0.228776440392883	0.000271851437205368
0.0714203666556447	181.98	190	-30.4	13.397	13.397	0	65.1311309535216	12	0.228776440392883	0.000258879539956095
0.0715502192119548	181.98	190	-30.4	13.397	13.397	0	66.4147191785102	12	0.228776440392883	0.000274584558864701
0.0717332804944134	181.98	190	-30.4	13.397	13.397	0	66.0568620596567	12	0.228776440392883	0.000268548037758446
0.0716915311477275	181.98	190	-30.4	13.397	13.397	0	65.2515040699044	12	0.228776440392883	0.000259381714600956
0.0718537901387184	181.98	190	-30.4	13.397	13.397	0	65.973686163376	12	0.228776440392883	0.00026712623727255
0.0719785486083379	181.98	190	-30.4	13.397	13.397	0	66.644956313259	12	0.228776440392883	0.000274662482533505
0.0721828511844858	181.98	190	-30.4	13.397	13.397	0	66.1171673461099	12	0.228776440392883	0.000268695366329844
0.0716797363546892	181.98	190	-30.4	13.397	13.397	0	65.1950090074248	12	0.228776440392883	0.000258786648600351
0.071684173699048	181.98	190	-30.4	13.397	13.397	0	65.7015267615621	12	0.228776440392883	0.00026448669389902
0.0719776686737082	181.98	190	-30.4	13.397	13.397	0	66.4498736587479	12	0.228776440392883	0.000272332596963669
0.0718519657820121	181.98	190	-30.4	13.397	13.397	0	66.2704786404601	12	0.228776440392883	0.000270621427344928
0.0717505343949119	181.98	190	-30.4	13.397	13.397	0	65.8175008549653	12	0.228776440392883	0.000265612541203912
0.0716586391830646	181.98	190	-30.4	13.397	13.397	0	66.2582919861552	12	0.228776440392883	0.000271549231941907
0.0719036669540098	181.98	190	-30.4	13.397	13.397	0	66.3899788984058	12	0.228776440392883	0.000271861721881669
0.0712427945823553	181.98	190	-30.4	13.397	13.397	0	65.1382636418785	12	0.228776440392883	0.000260147983459986
0.0711323948288227	181.98	190	-30.4	13.397	13.397	0	65.0740366569051	12	0.228776440392883	0.000260275953285178
0.0713434933652162	181.98	190	-30.4	13.397	13.397	0	65.5366279149315	12	0.228776440392883	0.000264532946537124
0.0720628890661384	181.98	190	-30.4	13.397	13.397	0	66.4629717831653	12	0.228776440392883	0.000272305796621035
0.0718098580608564	181.98	190	-30.4	13.397	13.397	0	66.7538898563184	12	0.228776440392883	0.000276983575726228
0.0712393510329639	181.98	190	-30.4	13.397	13.397	0	65.3029126575132	12	0.228776440392883	0.000262342726558021
0.0722056304927191	181.98	190	-30.4	13.397	13.397	0	66.5583863564397	12	0.228776440392883	0.000273303144245776
0.0721027510709863	181.98	190	-30.4	13.397	13.397	0	66.3426849282025	12	0.228776440392883	0.000270942291564936
0.0724264856102007	181.98	190	-30.4	13.397	13.397	0	66.3203068109643	12	0.228776440392883	0.000271654131554199
0.072238062758814	181.98	190	-30.4	13.397	13.397	0	66.4885232692368	12	0.228776440392883	0.000272597787849456
0.0720958358071297	181.98	190	-30.4	13.397	13.397	0	65.9757874247169	12	0.228776440392883	0.000267081748184502
0.0720748668225038	181.98	190	-30.4	13.397	13.397	0	66.0835556054495	12	0.228776440392883	0.000268164636321949
0.0713272137059689	181.98	190	-30.4	13.397	13.397	0	65.4327533468475	12	0.228776440392883	0.000263299354595806
0.0717233298408093	181.98	190	-30.4	13.397	13.397	0	66.6492315022718	12	0.228776440392883	0.000276249759337518
0.0713259389037274	181.98	190	-30.4	13.397	13.397	0	65.4820330328023	12	0.228776440392883	0.00026395999909154
0.0722246130057563	181.98	190	-30.4	13.397	13.397	0	65.6915198565479	12	0.228776440392883	0.000264866197718882
0.0719248008018772	181.98	190	-30.4	13.397	13.397	0	65.32176755253	12	0.228776440392883	0.000260234027205087
0.072138623560081	181.98	190	-30.4	13.397	13.397	0	66.4508310113034	12	0.228776440392883	0.00027211848726093
0.0725112031346326	181.98	190	-30.4	13.397	13.397	0	66.569738761458	12	0.228776440392883	0.000274422582826473
0.0720484646821479	181.98	190	-30.4	13.397	13.397	0	66.4560760442678	12	0.228776440392883	0.000272248967602767
0.0723268736087687	181.98	190	-30.4	13.397	13.397	0	66.2071141100731	12	0.228776440392883	0.000270087644529052
0.0716670828127796	181.98	190	-30.4	13.397	13.397	0	66.3009294953694	12	0.228776440392883	0.00027204636677693
0.0716924008315347	181.98	190	-30.4	13.397	13.397	0	65.5640191546692	12	0.228776440392883	0.00026286031151098
0.0716504248190468	181.98	190	-30.4	13.397	13.397	0	66.240614399735	12	0.228776440392883	0.000271377319656659
0.07136588507482	181.98	190	-30.4	13.397	13.397	0	65.266570294012	12	0.228776440392883	0.000260870752526756
0.0715920819488128	181.98	190	-30.4	13.397	13.397	0	65.2237652858971	12	0.228776440392883	0.000259275936292393
0.0713559623629885	181.98	190	-30.4	13.397	13.397	0	65.4571841851338	12	0.228776440392883	0.000263385458353437
0.071779926120107	181.98	190	-30.4	13.397	13.397	0	65.8243172725398	12	0.228776440392883	0.000265601774529139
0.0719887515484875	181.98	190	-30.4	13.397	13.397	0	66.2256698544686	12	0.228776440392883	0.000269730733668239
0.0718243713529863	181.98	190	-30.4	13.397	13.397	0	66.2991958518184	12	0.228776440392883	0.000271089523330707
0.0712219428769029	181.98	190	-30.4	13.397	13.397	0	65.0429073374511	12	0.228776440392883	0.000259082724409811
0.0716790858178603	181.98	190	-30.4	13.397	13.397	0	66.3041544383631	12	0.228776440392883	0.000272002406127976
0.0715029906168882	181.98	190	-30.4	13.397	13.397	0	65.1050274231397	12	0.228776440392883	0.000258208551814519
0.0712718334484076	181.98	190	-30.4	13.397	13.397	0	66.0593063453256	12	0.228776440392883	0.000272595442515377
0.071735467645197	181.98	190	-30.4	13.397	13.397	0	65.7709071563077	12	0.228776440392883	0.000265118455745722
0.0718075848075077	181.98	190	-30.4	13.397	13.397	0	66.3375527666728	12	0.228776440392883	0.000271644980780363
0.0717321454912516	181.98	190	-30.4	13.397	13.397	0	65.1426130237071	12	0.228776440392883	0.000258204375221074
0.0719341704655299	181.98	190	-30.4	13.397	13.397	0	66.4097045575381	12	0.228776440392883	0.000271990135428665
0.0719587456305131	181.98	190	-30.4	13.397	13.397	0	66.2392771590696	12	0.228776440392883	0.000269935716239848
0.0719370406687877	181.98	190	-30.4	13.397	13.397	0	65.9185604831851	12	0.228776440392883	0.000266385841594051
0.0711279267853702	181.98	190	-30.4	13.397	13.397	0	65.3282769113338	12	0.228776440392883	0.000263803280130582
0.0714372436655061	181.98	190	-30.4	13.397	13.397	0	66.2621008616415	12	0.228776440392883	0.000273600049114442
0.0716137418123402	181.98	190	-30.4	13.397	13.397	0	65.3306890372967	12	0.228776440392883	0.000260426083035511
0.07155837533087	181.98	190	-30.4	13.397	13.397	0	65.330293828371	12	0.228776440392883	0.000260613069844053
0.0718831052204535	181.98	190	-30.4	13.397	13.397	0	65.8732230535938	12	0.228776440392883	0.000265940687612715
0.0715477133360827	181.98	190	-30.4	13.397	13.397	0	66.1636888040491	12	0.228776440392883	0.00027116577483695
0.0721522933375954	181.98	190	-30.4	13.397	13.397	0	66.3522772947974	12	0.228776440392883	0.00027106358156812
0.0724895370418203	181.98	190	-30.4	13.397	13.397	0	66.3061413578884	12	0.228776440392883	0.000271935884815103
0.0721610872952288	181.98	190	-30.4	13.397	13.397	0	66.039508533311	12	0.228776440392883	0.000267866425948804
0.0710084569107835	181.98	190	-30.4	13.397	13.397	0	65.7315950864537	12	0.228776440392883	0.000271275238006587
0.0718887061503119	181.98	190	-30.4	13.397	13.397	0	65.8017545674395	12	0.228776440392883	0.000265149190218294
0.0721110682823205	181.98	190	-30.4	13.397	13.397	0	66.24050718957	12	0.228776440392883	0.000269847556537222
0.0719645452487755	181.98	190	-30.4	13.397	13.397	0	66.0324753352193	12	0.228776440392883	0.000267611282698935
0.07162070435342	181.98	190	-30.4	13.397	13.397	0	65.4926833132007	12	0.228776440392883	0.000262273150842911
0.0721836412448117	181.98	190	-30.4	13.397	13.397	0	66.3450220455393	12	0.228776440392883	0.000271020849398009
0.0716660677915575	181.98	190	-30.4	13.397	13.397	0	66.20798192187	12	0.228776440392883	0.000270843320731658
0.0721577881654458	181.98	190	-30.4	13.397	13.397	0	65.7834986648626	12	0.228776440392883	0.000265382620175408
0.0716472510932765	181.98	190	-30.4	13.397	13.397	0	65.9775342374043	12	0.228776440392883	0.000268025962343256
0.0715325218809578	181.98	190	-30.4	13.397	13.397	0	66.281083193906	12	0.228776440392883	0.000272901108376174
0.0716151601998818	181.98	190	-30.4	13.397	13.397	0	65.3777305069075	12	0.228776440392883	0.00026095990326057
0.0710993451951178	181.98	190	-30.4	13.397	13.397	0	65.620787343735	12	0.228776440392883	0.000268339294660149
0.0720925637941099	181.98	190	-30.4	13.397	13.397	0	65.3097252200236	12	0.228776440392883	0.000260777540879104
0.0713232102884563	181.98	190	-30.4	13.397	13.397	0	65.3224667159239	12	0.228776440392883	0.000261894414090965
0.0714920466446186	181.98	190	-30.4	13.397	13.397	0	65.1483211036242	12	0.228776440392883	0.000258752550951878
0.0713210563542976	181.98	190	-30.4	13.397	13.397	0	65.0350245262303	12	0.228776440392883	0.000258277761698109
0.0721786630283003	181.98	190	-30.4	13.397	13.397	0	66.2898387009919	12	0.228776440392883	0.000270440137066392
0.0713048318526336	181.98	190	-30.4	13.397	13.397	0	66.0345828129417	12	0.228776440392883	0.000271834130995211
0.0720479371098399	181.98	190	-30.4	13.397	13.397	0	65.3848565153231	12	0.228776440392883	0.000261235120043036
0.0714333888000804	181.98	190	-30.4	13.397	13.397	0	66.5213009116795	12	0.228776440392883	0.000277405906660712
0.0716114034929146	181.98	190	-30.4	13.397	13.397	0	65.7247929178113	12	0.228776440392883	0.000265091308652145
0.0720240750529861	181.98	190	-30.4	13.397	13.397	0	66.8584400053259	12	0.228776440392883	0.000277095459656179
0.07206153846695	181.98	190	-30.4	13.397	13.397	0	66.2547668110591	12	0.228776440392883	0.000269991772633707
0.0715112225554924	181.98	190	-30.4	13.397	13.397	0	64.9749016140169	12	0.228776440392883	0.000256704082307861
0.0712206606472591	181.98	190	-30.4	13.397	13.397	0	65.2790418267822	12	0.228776440392883	0.000262194500741313
0.0719019969418109	181.98	190	-30.4	13.397	13.397	0	66.1664084064521	12	0.228776440392883	0.000269226547905909
0.0720053581600654	181.98	190	-30.4	13.397	13.397	0	66.3350174986216	12	0.228776440392883	0.000270941680841387
0.0722578036021631	181.98	190	-30.4	13.397	13.397	0	65.4137298892632	12	0.228776440392883	0.000262743168621667
0.0715409328939449	181.98	190	-30.4	13.397	13.397	0	66.2745356108756	12	0.228776440392883	0.000272732764274146
0.0715932557248538	181.98	190	-30.4	13.397	13.397	0	65.6179185192802	12	0.228776440392883	0.000263881927959939
0.0723220157328716	181.98	190	-30.4	13.397	13.397	0	66.0362954664096	12	0.228776440392883	0.000268491638359055
0.0715300788397517	181.98	190	-30.4	13.397	13.397	0	66.2097486309912	12	0.228776440392883	0.000271945283295029
0.0720202958079947	181.98	190	-30.4	13.397	13.397	0	66.2333562993741	12	0.228776440392883	0.000269780531074834
0.0720433022609852	181.98	190	-30.4	13.397	13.397	0	66.1532990059566	12	0.228776440392883	0.000268893699425485
0.0711437552697039	181.98	190	-30.4	13.397	13.397	0	65.6177451450483	12	0.228776440392883	0.000267736186844168
0.0722748620200508	181.98	190	-30.4	13.397	13.397	0	66.0047551437372	12	0.228776440392883	0.000267959180992943
0.0713435029720312	181.98	190	-30.4	13.397	13.397	0	65.387202102107	12	0.228776440392883	0.000262574226664383
0.071360127416015	181.98	190	-30.4	13.397	13.397	0	66.0311531018743	12	0.228776440392883	0.00027115696520104
0.0713886099962442	181.98	190	-30.4	13.397	13.397	0	65.9279539399894	12	0.228776440392883	0.000269415789847089
0.0714814277080962	181.98	190	-30.4	13.397	13.397	0	65.9151825798239	12	0.228776440392883	0.00026839733147864
0.0717102873599273	181.98	190	-30.4	13.397	13.397	0	65.8293238649336	12	0.228776440392883	0.000265899423248682
0.0722421943728858	181.98	190	-30.4	13.397	13.397	0	66.1225055023459	12	0.228776440392883	0.000268932114732502
0.0712190247516651	181.98	190	-30.4	13.397	13.397	0	65.2170843924978	12	0.228776440392883	0.000261384103943313
0.0714569065106262	181.98	190	-30.4	13.397	13.397	0	65.0367384335349	12	0.228776440392883	0.000257595847531656
0.0714373281186661	181.98	190	-30.4	13.397	13.397	0	65.544419645961	12	0.228776440392883	0.000263899867220405
0.0717208956324305	181.98	190	-30.4	13.397	13.397	0	66.0258442992093	12	0.228776440392883	0.000268228124873351
0.0715682752880561	181.98	190	-30.4	13.397	13.397	0	65.3917833605513	12	0.228776440392883	0.000261294684655752
0.0716090032053286	181.98	190	-30.4	13.397	13.397	0	66.6675600888881	12	0.228776440392883	0.000277551457436055
0.0719820299233652	181.98	190	-30.4	13.397	13.397	0	65.9747603045137	12	0.228776440392883	0.000266976132467245
0.0714545973496463	181.98	190	-30.4	13.397	13.397	0	65.6123038314351	12	0.228776440392883	0.000264646299848004
0.0717697957984007	181.98	190	-30.4	13.397	13.397	0	65.2481542096644	12	0.228776440392883	0.000259301580123079
0.0722465729106346	181.98	190	-30.4	13.397	13.397	0	66.2344329323167	12	0.228776440392883	0.00027003876836741
0.0712968588362826	181.98	190	-30.4	13.397	13.397	0	65.3219554080784	12	0.228776440392883	0.000262098308080157
0.0716917637513358	181.98	190	-30.4	13.397	13.397	0	66.77509141665	12	0.228776440392883	0.000278253925936027
0.0722533777538101	181.98	190	-30.4	13.397	13.397	0	65.772234513469	12	0.228776440392883	0.000265744104242596
0.0721698702932605	181.98	190	-30.4	13.397	13.397	0	66.1258098033717	12	0.228776440392883	0.000268749973488669
0.0716477630127106	181.98	190	-30.4	13.397	13.397	0	65.2539629590069	12	0.228776440392883	0.000259479827099061
0.07167349498269	181.98	190	-30.4	13.397	13.397	0	65.905725580025	12	0.228776440392883	0.000266990810601804
0.0714037168833129	181.98	190	-30.4	13.397	13.397	0	65.0792708593516	12	0.228776440392883	0.000258342954979529
0.0720679298066287	181.98	190	-30.4	13.397	13.397	0	66.4725504350955	12	0.228776440392883	0.000272407398938241
0.0718307400622032	181.98	190	-30.4	13.397	13.397	0	66.4473572331008	12	0.228776440392883	0.000272896223089329
0.0711990481627447	181.98	190	-30.4	13.397	13.397	0	65.7777368669789	12	0.228776440392883	0.000269380362664834
0.071732357518743	181.98	190	-30.4	13.397	13.397	0	65.2112482960228	12	0.228776440392883	0.000258920383197684
0.0719456522310882	181.98	190	-30.4	13.397	13.397	0	65.3002156877156	12	0.228776440392883	0.000260081817770669
0.0712555067669296	181.98	190	-30.4	13.397	13.397	0	65.4132485991534	12	0.228776440392883	0.000263672720197352
0.0711330283825206	181.98	190	-30.4	13.397	13.397	0	65.3617724588572	12	0.228776440392883	0.000264215636480377
0.0713977551519087	181.98	190	-30.4	13.397	13.397	0	65.4140991167157	12	0.228776440392883	0.000262517355292454
0.0709686750852287	181.98	190	-30.4	13.397	13.397	0	65.3108358274003	12	0.228776440392883	0.000265492486646369
0.0722578367083	181.98	190	-30.4	13.397	13.397	0	66.3372393112922	12	0.228776440392883	0.00027109317935155
0.0716192098949275	181.98	190	-30.4	13.397	13.397	0	65.6958756398227	12	0.228776440392883	0.000264700125655041
0.0716367132874809	181.98	190	-30.4	13.397	13.397	0	65.3199195701304	12	0.228776440392883	0.000260240474847698
0.0714854466031991	181.98	190	-30.4	13.397	13.397	0	65.5131284336067	12	0.228776440392883	0.000263187470295614
0.071283074547709	181.98	190	-30.4	13.397	13.397	0	65.837719946183	12	0.228776440392883	0.000269261895603818
0.0722155642507779	181.98	190	-30.4	13.397	13.397	0	65.5905425480647	12	0.228776440392883	0.000263929205640607
0.0712788248442081	181.98	190	-30.4	13.397	13.397	0	65.5206834276371	12	0.228776440392883	0.000264904937691425
0.0720466358650196	181.98	190	-30.4	13.397	13.397	0	65.448345728433	12	0.228776440392883	0.000261815538883342
0.0722156993793485	181.98	190	-30.4	13.397	13.397	0	66.3171487927496	12	0.228776440392883	0.000270788664181649
0.0711085567577	181.98	190	-30.4	13.397	13.397	0	65.3749492432983	12	0.228776440392883	0.000264677403656249
0.0714958482138769	181.98	190	-30.4	13.397	13.397	0	65.5972746621981	12	0.228776440392883	0.000264176011258711
0.0703749367139527	181.98	190	-30.4	13.397	13.397	0	65.2291348742898	12	0.228776440392883	0.00027469626701198
0.0715994986570379	181.98	190	-30.4	13.397	13.397	0	65.6111435891725	12	0.228776440392883	0.000263770078006555
0.0717750366158869	181.98	190	-30.4	13.397	13.397	0	65.6289467988339	12	0.228776440392883	0.000263397095905571
0.0717380956302423	181.98	190	-30.4	13.397	13.397	0	66.1864663265616	12	0.228776440392883	0.000270127977480572
0.0719543599029383	181.98	190	-30.4	13.397	13.397	0	66.1837648274146	12	0.228776440392883	0.00026931193318577
0.0719429667747055	181.98	190	-30.4	13.397	13.397	0	66.0027484749526	12	0.228776440392883	0.000267303290128734
0.0720617144429386	181.98	190	-30.4	13.397	13.397	0	66.7698691137184	12	0.228776440392883	0.000275882945809855
0.0715826936302787	181.98	190	-30.4	13.397	13.397	0	65.9969333252669	12	0.228776440392883	0.000268691465908774
0.0717008493101988	181.98	190	-30.4	13.397	13.397	0	65.6654863875223	12	0.228776440392883	0.000264005381761494
0.0716427735964741	181.98	190	-30.4	13.397	13.397	0	65.25894536955	12	0.228776440392883	0.000259545272213934
0.0718340367496458	181.98	190	-30.4	13.397	13.397	0	65.3382241705655	12	0.228776440392883	0.000260256280528542
0.0714832648169236	181.98	190	-30.4	13.397	13.397	0	65.5851089809182	12	0.228776440392883	0.000264104031167295
0.0713208424936277	181.98	190	-30.4	13.397	13.397	0	65.3672394071651	12	0.228776440392883	0.000262494296567593
0.0712312109637973	181.98	190	-30.4	13.397	13.397	0	65.5448501683856	12	0.228776440392883	0.000265712207946614
0.0712793775956403	181.98	190	-30.4	13.397	13.397	0	65.2938236664806	12	0.228776440392883	0.000261874860437877
0.0721555246969335	181.98	190	-30.4	13.397	13.397	0	66.1859053607476	12	0.228776440392883	0.000269331107627288
0.0719440340251222	181.98	190	-30.4	13.397	13.397	0	65.9270410331795	12	0.228776440392883	0.000266473882755474
0.0714080651425221	181.98	190	-30.4	13.397	13.397	0	65.5818917329274	12	0.228776440392883	0.000264600235999683
0.0722052978834342	181.98	190	-30.4	13.397	13.397	0	66.3514474037717	12	0.228776440392883	0.000271120977521948
0.0712727971960274	181.98	190	-30.4	13.397	13.397	0	65.5421446424406	12	0.228776440392883	0.000265255116596866
0.0713794703446036	181.98	190	-30.4	13.397	13.397	0	66.05232654184	12	0.228776440392883	0.000271247687984026
0.071302752261748	181.98	190	-30.4	13.397	13.397	0	65.3336313040376	12	0.228776440392883	0.000262202575956803
0.0722255123782177	181.98	190	-30.4	13.397	13.397	0	66.4838972581067	12	0.228776440392883	0.00027253112350949
0.0721537580960879	181.98	190	-30.4	13.397	13.397	0	66.3052494480451	12	0.228776440392883	0.000270568011225799
0.0720699395821287	181.98	190	-30.4	13.397	13.397	0	66.3631659626452	12	0.228776440392883	0.000271179669219857
0.0702921766460626	181.98	190	-30.4	13.397	13.397	0	65.1150243988176	12	0.228776440392883	0.000274518013297321
0.0721632611610267	181.98	190	-30.4	13.397	13.397	0	65.4744678858318	12	0.228776440392883	0.000262610955197115
0.0719642701521448	181.98	190	-30.4	13.397	13.397	0	65.4475809048043	12	0.228776440392883	0.000261551368746112
0.0713197809864363	181.98	190	-30.4	13.397	13.397	0	65.0308472961691	12	0.228776440392883	0.000258234230706102
0.0723816386980802	181.98	190	-30.4	13.397	13.397	0	66.4387551769475	12	0.228776440392883	0.00027252648644474
0.0715687295549048	181.98	190	-30.4	13.397	13.397	0	65.6754216962229	12	0.228776440392883	0.000264713542971822
0.0720098793340693	181.98	190	-30.4	13.397	13.397	0	66.2717904505196	12	0.228776440392883	0.000270220522325142
0.0713199767326807	181.98	190	-30.4	13.397	13.397	0	65.0665417011194	12	0.228776440392883	0.000258674741242821
0.0716273673328052	181.98	190	-30.4	13.397	13.397	0	65.2738334232202	12	0.228776440392883	0.000259746470924832
0.07167255042665	181.98	190	-30.4	13.397	13.397	0	65.9716053857346	12	0.228776440392883	0.000267808781482264
0.0716621293688317	181.98	190	-30.4	13.397	13.397	0	65.1813579022651	12	0.228776440392883	0.000258661516278928
0.0719388567598531	181.98	190	-30.4	13.397	13.397	0	66.0764398665281	12	0.228776440392883	0.000268127284468207
0.0715640729723833	181.98	190	-30.4	13.397	13.397	0	65.4562337669179	12	0.228776440392883	0.000262076216623333
0.071497904257949	181.98	190	-30.4	13.397	13.397	0	65.9553369995914	12	0.228776440392883	0.00026879516908225
0.0713639429217457	181.98	190	-30.4	13.397	13.397	0	65.0532455331279	12	0.228776440392883	0.000258244312644345
0.0720703577883285	181.98	190	-30.4	13.397	13.397	0	65.7781135043929	12	0.228776440392883	0.000265049742737541
0.0711773796055788	181.98	190	-30.4	13.397	13.397	0	65.3290874584115	12	0.228776440392883	0.00026329188036407
0.0713685888574007	181.98	190	-30.4	13.397	13.397	0	65.4588133990421	12	0.228776440392883	0.000263307476354237
0.071871144005471	181.98	190	-30.4	13.397	13.397	0	66.3381206438488	12	0.228776440392883	0.000271362084561176
0.0720216041471416	181.98	190	-30.4	13.397	13.397	0	66.0453222086632	12	0.228776440392883	0.000267732654351738
0.0719949206432699	181.98	190	-30.4	13.397	13.397	0	66.2691468923777	12	0.228776440392883	0.000270211686900582
0.0719833717596396	181.98	190	-30.4	13.397	13.397	0	66.0297820284262	12	0.228776440392883	0.000267570550445147
0.0712319394369939	181.98	190	-30.4	13.397	13.397	0	66.0062937863805	12	0.228776440392883	0.000272318407462797
0.0711557263564537	181.98	190	-30.4	13.397	13.397	0	65.3626293085688	12	0.228776440392883	0.000263980724204142
0.0717055191178328	181.98	190	-30.4	13.397	13.397	0	66.3303261930481	12	0.228776440392883	0.000272159649450697
0.0723370465389064	181.98	190	-30.4	13.397	13.397	0	66.4680566992398	12	0.228776440392883	0.000272636500475852
0.0722740569741374	181.98	190	-30.4	13.397	13.397	0	66.4038027949864	12	0.228776440392883	0.000271805066529561
0.0722764888107047	181.98	190	-30.4	13.397	13.397	0	66.6843850816389	12	0.228776440392883	0.000274713312854201
0.0718984873378575	181.98	190	-30.4	13.397	13.397	0	65.8992486906972	12	0.228776440392883	0.000266209318044824
0.0722630531126306	181.98	190	-30.4	13.397	13.397	0	65.9151794218589	12	0.228776440392883	0.000267079579869896
0.0713332516491614	181.98	190	-30.4	13.397	13.397	0	65.7929971701463	12	0.228776440392883	0.000268102515185741
0.0711964457488822	181.98	190	-30.4	13.397	13.397	0	65.1221410196126	12	0.228776440392883	0.000260328590995437
0.0718255282973929	181.98	190	-30.4	13.397	13.397	0	65.955281644583	12	0.228776440392883	0.000266986816588017
0.0714820008459785	181.98	190	-30.4	13.397	13.397	0	66.2530850369979	12	0.228776440392883	0.000273004290120417
0.0712789483233272	181.98	190	-30.4	13.397	13.397	0	65.2118693870223	12	0.228776440392883	0.000260811615769428
0.0719402641353287	181.98	190	-30.4	13.397	13.397	0	66.2244634515382	12	0.228776440392883	0.000269804809254123
0.0717246126448593	181.98	190	-30.4	13.397	13.397	0	65.6784059524598	12	0.228776440392883	0.000264080080104313
0.0715324816378321	181.98	190	-30.4	13.397	13.397	0	65.9220764432739	12	0.228776440392883	0.000268084452619584
0.0712118385522055	181.98	190	-30.4	13.397	13.397	0	66.2632283158783	12	0.228776440392883	0.000276474569072074
0.0724373378474012	181.98	190	-30.4	13.397	13.397	0	66.4433543924691	12	0.228776440392883	0.000272841476254017
0.0719187646216641	181.98	190	-30.4	13.397	13.397	0	65.1799189143334	12	0.228776440392883	0.000258861757371817
0.0716476068079631	181.98	190	-30.4	13.397	13.397	0	66.3071083291923	12	0.228776440392883	0.000272272800655426
0.0721520479846941	181.98	190	-30.4	13.397	13.397	0	66.1989950356857	12	0.228776440392883	0.000269459846062889
0.0725830792126978	181.98	190	-30.4	13.397	13.397	0	66.6864294122912	12	0.228776440392883	0.00027593361354808
0.071567941211802	181.98	190	-30.4	13.397	13.397	0	65.6548065466326	12	0.228776440392883	0.000264463630762135
0.0717592437701372	181.98	190	-30.4	13.397	13.397	0	65.3155048000987	12	0.228776440392883	0.000260009128913972
0.0718708501410005	181.98	190	-30.4	13.397	13.397	0	66.4321181715597	12	0.228776440392883	0.000272510062094036
0.0717774350142242	181.98	190	-30.4	13.397	13.397	0	66.1717388940255	12	0.228776440392883	0.00026974503390539
0.0722312369859894	181.98	190	-30.4	13.397	13.397	0	65.816576024879	12	0.228776440392883	0.000266021240329142
0.071808585547561	181.98	190	-30.4	13.397	13.397	0	65.9617228102255	12	0.228776440392883	0.000267110949782246
0.0722176760476865	181.98	190	-30.4	13.397	13.397	0	66.1027087797548	12	0.228776440392883	0.000268655401419099
0.0719955744191874	181.98	190	-30.4	13.397	13.397	0	66.3627551052265	12	0.228776440392883	0.000271276914859231
0.0714711101898977	181.98	190	-30.4	13.397	13.397	0	66.1281163263708	12	0.228776440392883	0.00027137537247622
0.0716124690229784	181.98	190	-30.4	13.397	13.397	0	65.6709592998182	12	0.228776440392883	0.00026443082807182
0.0723841249006427	181.98	190	-30.4	13.397	13.397	0	66.3301771309494	12	0.228776440392883	0.000271514374841243
0.071936101861897	181.98	190	-30.4	13.397	13.397	0	65.3416852892752	12	0.228776440392883	0.000260454459543098
0.0714789096126066	181.98	190	-30.4	13.397	13.397	0	65.5467616319952	12	0.228776440392883	0.000263649263659228
0.0722647575335402	181.98	190	-30.4	13.397	13.397	0	66.6417909919312	12	0.228776440392883	0.000274247104333164
0.0718820122538772	181.98	190	-30.4	13.397	13.397	0	65.262571019651	12	0.228776440392883	0.000259563643076821
0.0715094614068846	181.98	190	-30.4	13.397	13.397	0	66.2972368058988	12	0.228776440392883	0.000273346979074655
0.072083500946712	181.98	190	-30.4	13.397	13.397	0	66.8489319735445	12	0.228776440392883	0.000276763514717246
0.0717467630097427	181.98	190	-30.4	13.397	13.397	0	66.7925017456558	12	0.228776440392883	0.000278002396128844
0.0721155094372847	181.98	190	-30.4	13.397	13.397	0	66.0789698397088	12	0.228776440392883	0.000268167647447319
0.0717835901681358	181.98	190	-30.4	13.397	13.397	0	66.2514618813747	12	0.228776440392883	0.00027069775070188
0.0723734265112033	181.98	190	-30.4	13.397	13.397	0	66.4114833801188	12	0.228776440392883	0.000272230164374482
0.0714317043652805	181.98	190	-30.4	13.397	13.397	0	66.0673221315842	12	0.228776440392883	0.000270918944222208
0.0716954944131664	181.98	190	-30.4	13.397	13.397	0	65.9481089295969	12	0.228776440392883	0.00026740043231575
0.0715087057545811	181.98	190	-30.4	13.397	13.397	0	66.3540785511777	12	0.228776440392883	0.000274149955792228
0.0721548032833823	181.98	190	-30.4	13.397	13.397	0	66.3508687106043	12	0.228776440392883	0.000271050651361431
0.071321744252612	181.98	190	-30.4	13.397	13.397	0	65.4285114584909	12	0.228776440392883	0.000263289142205454
0.0723052736292568	181.98	190	-30.4	13.397	13.397	0	66.7812030866723	12	0.228776440392883	0.00027577825357715
0.0714042723050913	181.98	190	-30.4	13.397	13.397	0	66.1275220969753	12	0.228776440392883	0.000272045185531528
0.0717204571382963	181.98	190	-30.4	13.397	13.397	0	65.876575366559	12	0.228776440392883	0.000266422079063668
0.0725335720650325	181.98	190	-30.4	13.397	13.397	0	66.5069731089081	12	0.228776440392883	0.000274001631475447
0.0722304292950627	181.98	190	-30.4	13.397	13.397	0	66.6271881922661	12	0.228776440392883	0.000274059136957664
0.0717159585223831	181.98	190	-30.4	13.397	13.397	0	65.835726861519	12	0.228776440392883	0.000265952961679778
0.0720048195841257	181.98	190	-30.4	13.397	13.397	0	65.850501992328	12	0.228776440392883	0.000265671901310428
0.0721268441812874	181.98	190	-30.4	13.397	13.397	0	66.7734358920339	12	0.228776440392883	0.000275762356074538
0.0719719540064011	181.98	190	-30.4	13.397	13.397	0	66.1140967597119	12	0.228776440392883	0.000268505186427609
0.0713230521739597	181.98	190	-30.4	13.397	13.397	0	65.3145006841675	12	0.228776440392883	0.000261792722826091
0.0711752185491555	181.98	190	-30.4	13.397	13.397	0	66.3439360012137	12	0.228776440392883	0.000278281443433976
0.0717012837019933	181.98	190	-30.4	13.397	13.397	0	66.3127774388588	12	0.228776440392883	0.000271960872286502
0.0713226359863371	181.98	190	-30.4	13.397	13.397	0	65.2660900312159	12	0.228776440392883	0.000261173196308564
0.0716751763485974	181.98	190	-30.4	13.397	13.397	0	65.6819977427061	12	0.228776440392883	0.000264290678794533
0.0719322379867559	181.98	190	-30.4	13.397	13.397	0	66.433678339549	12	0.228776440392883	0.000272283004315078
0.0710435517902238	181.98	190	-30.4	13.397	13.397	0	66.7185492736052	12	0.228776440392883	0.000286750900127921
0.0722434164592004	181.98	190	-30.4	13.397	13.397	0	66.1852656017233	12	0.228776440392883	0.000269545944076733
0.0716875945883009	181.98	190	-30.4	13.397	13.397	0	65.8854682552544	12	0.228776440392883	0.000266674460855817
0.0720418985087882	181.98	190	-30.4	13.397	13.397	0	65.5998082587701	12	0.228776440392883	0.000263233835041105
0.071094874846057	181.98	190	-30.4	13.397	13.397	0	65.4337773028137	12	0.228776440392883	0.000265677353860353
0.0712048085254854	181.98	190	-30.4	13.397	13.397	0	65.5206834276371	12	0.228776440392883	0.000265655527038092
0.0719278534359375	181.98	190	-30.4	13.397	13.397	0	66.4167638708506	12	0.228776440392883	0.000272095857798605
0.071322779726834	181.98	190	-30.4	13.397	13.397	0	65.2260981863932	12	0.228776440392883	0.000260661363173544
0.0715458387392305	181.98	190	-30.4	13.397	13.397	0	65.6452820921001	12	0.228776440392883	0.000264470869965837
0.0719281446441285	181.98	190	-30.4	13.397	13.397	0	65.581184244142	12	0.228776440392883	0.00026282327449049
0.0719119286763181	181.98	190	-30.4	13.397	13.397	0	66.4106210704898	12	0.228776440392883	0.000272079343630064
0.0710291572051998	181.98	190	-30.4	13.397	13.397	0	66.462782261929	12	0.228776440392883	0.000282686028813498
0.0720762920732283	181.98	190	-30.4	13.397	13.397	0	65.641139279143	12	0.228776440392883	0.000263737623368117
0.0713456672981272	181.98	190	-30.4	13.397	13.397	0	65.3331210697019	12	0.228776440392883	0.000261860497292548
0.0713260461829659	181.98	190	-30.4	13.397	13.397	0	66.0198528040153	12	0.228776440392883	0.000271375777401624
0.0714579223482541	181.98	190	-30.4	13.397	13.397	0	65.817474519595	12	0.228776440392883	0.000267294524334752
0.0717359853992074	181.98	190	-30.4	13.397	13.397	0	65.6347692251239	12	0.228776440392883	0.000263548890906702
0.0716116357412393	181.98	190	-30.4	13.397	13.397	0	65.8363961858995	12	0.228776440392883	0.000266467574535798
0.0725172383946431	181.98	190	-30.4	13.397	13.397	0	66.6054025295243	12	0.228776440392883	0.000274784357356966
0.0722238208714458	181.98	190	-30.4	13.397	13.397	0	66.0545698783821	12	0.228776440392883	0.000268210987443989
0.071788325077394	181.98	190	-30.4	13.397	13.397	0	65.4542280690548	12	0.228776440392883	0.000261469794500571
0.0713639595993904	181.98	190	-30.4	13.397	13.397	0	65.8475660621354	12	0.228776440392883	0.000268549729480395
0.0718585108732151	181.98	190	-30.4	13.397	13.397	0	65.7440796610378	12	0.228776440392883	0.000264547741513011
0.0720025832844207	181.98	190	-30.4	13.397	13.397	0	66.1551389754935	12	0.228776440392883	0.000268930672338675
0.0718158866673069	181.98	190	-30.4	13.397	13.397	0	65.3652903439218	12	0.228776440392883	0.000260526022579194
0.0721007863573646	181.98	190	-30.4	13.397	13.397	0	66.175963170045	12	0.228776440392883	0.000269157581383137
0.0714119526584724	181.98	190	-30.4	13.397	13.397	0	66.0504738000464	12	0.228776440392883	0.000270882905606404
0.0721369477047552	181.98	190	-30.4	13.397	13.397	0	66.0072192915359	12	0.228776440392883	0.000267484570577798
0.0713699295969182	181.98	190	-30.4	13.397	13.397	0	66.0311151654131	12	0.228776440392883	0.000271050349159015
0.0719480318803204	181.98	190	-30.4	13.397	13.397	0	66.6910206222491	12	0.228776440392883	0.000275356571620338
0.0721536770697522	181.98	190	-30.4	13.397	13.397	0	66.0668380338769	12	0.228776440392883	0.000268120385640843
0.0723237146648764	181.98	190	-30.4	13.397	13.397	0	66.0476743527951	12	0.228776440392883	0.000268603848164941
0.0717684921125759	181.98	190	-30.4	13.397	13.397	0	65.3682458282199	12	0.228776440392883	0.000260564100884122
0.0718823613981832	181.98	190	-30.4	13.397	13.397	0	65.3085024059749	12	0.228776440392883	0.000260016628747114
0.0720656336685005	181.98	190	-30.4	13.397	13.397	0	65.1640621707873	12	0.228776440392883	0.000259365190566089
0.0711944300149868	181.98	190	-30.4	13.397	13.397	0	65.5177764306504	12	0.228776440392883	0.000265727102111522
0.0724699610890524	181.98	190	-30.4	13.397	13.397	0	65.4013721610198	12	0.228776440392883	0.000264723435402082
0.0716622739962376	181.98	190	-30.4	13.397	13.397	0	65.3708862769857	12	0.228776440392883	0.000260749969628836
0.0718085934956892	181.98	190	-30.4	13.397	13.397	0	65.2550772598271	12	0.228776440392883	0.000259389244597689
0.0712828216575735	181.98	190	-30.4	13.397	13.397	0	65.3687021640024	12	0.228776440392883	0.000262831551634587
0.0717342933475672	181.98	190	-30.4	13.397	13.397	0	66.0395664714157	12	0.228776440392883	0.000268331435910623
0.0716713309832424	181.98	190	-30.4	13.397	13.397	0	65.2564833503212	12	0.228776440392883	0.00025946480684589
0.0715181448812796	181.98	190	-30.4	13.397	13.397	0	66.2421856250285	12	0.228776440392883	0.000272500442188038
0.0723862453041407	181.98	190	-30.4	13.397	13.397	0	66.3640088748605	12	0.228776440392883	0.000271840819998214
0.0716643957554943	181.98	190	-30.4	13.397	13.397	0	66.0776953507317	12	0.228776440392883	0.00026918644537465
0.0720007671408689	181.98	190	-30.4	13.397	13.397	0	66.3331339602124	12	0.228776440392883	0.000270928175486112
0.0713609845062194	181.98	190	-30.4	13.397	13.397	0	65.1257755026425	12	0.228776440392883	0.000259149151193997
0.0719027228716315	181.98	190	-30.4	13.397	13.397	0	66.2991966037569	12	0.228776440392883	0.000270780674575593
0.071506728944064	181.98	190	-30.4	13.397	13.397	0	65.0339324910863	12	0.228776440392883	0.000257383011110167
0.0714340568918833	181.98	190	-30.4	13.397	13.397	0	66.2035445731088	12	0.228776440392883	0.000272803247256536
0.0716498105462216	181.98	190	-30.4	13.397	13.397	0	66.3541058406351	12	0.228776440392883	0.000272879362388454
0.0712861172902955	181.98	190	-30.4	13.397	13.397	0	66.0846921115745	12	0.228776440392883	0.000272790800581124
0.0720186535418617	181.98	190	-30.4	13.397	13.397	0	66.3986172538207	12	0.228776440392883	0.000271643847643402
0.0710755097503142	181.98	190	-30.4	13.397	13.397	0	65.2043795280207	12	0.228776440392883	0.000262651111288538
0.0712065444559668	181.98	190	-30.4	13.397	13.397	0	66.1652982012159	12	0.228776440392883	0.000275048722277942
0.0717310340455882	181.98	190	-30.4	13.397	13.397	0	65.696426283645	12	0.228776440392883	0.000264268706702921
0.0723524885782257	181.98	190	-30.4	13.397	13.397	0	65.886490315422	12	0.228776440392883	0.000267364270473047
0.0713223145373159	181.98	190	-30.4	13.397	13.397	0	65.987840107167	12	0.228776440392883	0.000270959895029277
0.0713074829286198	181.98	190	-30.4	13.397	13.397	0	65.2243044919971	12	0.228776440392883	0.000260751553217896
0.0722030206717701	181.98	190	-30.4	13.397	13.397	0	66.404296830821	12	0.228776440392883	0.000271666584094657
0.0723127625169356	181.98	190	-30.4	13.397	13.397	0	66.2532060854246	12	0.228776440392883	0.000270460918707756
0.0719320660129554	181.98	190	-30.4	13.397	13.397	0	65.8909537676364	12	0.228776440392883	0.000266088815343115
0.0713067042338808	181.98	190	-30.4	13.397	13.397	0	65.9877471801007	12	0.228776440392883	0.000271136717911234
0.0717351280947603	181.98	190	-30.4	13.397	13.397	0	66.3428706152887	12	0.228776440392883	0.000272127072126325
0.0711857928323632	181.98	190	-30.4	13.397	13.397	0	65.345544087456	12	0.228776440392883	0.000263432013362459
0.0712244807454478	181.98	190	-30.4	13.397	13.397	0	65.5538592855851	12	0.228776440392883	0.000265908171759976
0.0714142057568942	181.98	190	-30.4	13.397	13.397	0	65.6485549273548	12	0.228776440392883	0.000265422835156765
0.0724629108232965	181.98	190	-30.4	13.397	13.397	0	66.5791811954436	12	0.228776440392883	0.000274241861444154
0.0712353417274673	181.98	190	-30.4	13.397	13.397	0	65.2261830323192	12	0.228776440392883	0.000261360765381946
0.0720007665087233	181.98	190	-30.4	13.397	13.397	0	66.1515020801309	12	0.228776440392883	0.000268892005407352
0.0724728822732258	181.98	190	-30.4	13.397	13.397	0	66.9997682412314	12	0.228776440392883	0.000278406407950086
0.0714281604969312	181.98	190	-30.4	13.397	13.397	0	65.1506281097413	12	0.228776440392883	0.000259073634850534
0.0715479046529766	181.98	190	-30.4	13.397	13.397	0	65.34153169015	12	0.228776440392883	0.000260787232813687
0.0719266896745333	181.98	190	-30.4	13.397	13.397	0	66.0504167249117	12	0.228776440392883	0.000267853760081803
0.0717777222747898	181.98	190	-30.4	13.397	13.397	0	65.7923739595053	12	0.228776440392883	0.000265240315195064
0.0713273152098178	181.98	190	-30.4	13.397	13.397	0	66.118180113659	12	0.228776440392883	0.000272779986454701
0.0713885336254536	181.98	190	-30.4	13.397	13.397	0	66.180025194993	12	0.228776440392883	0.000272965107018714
0.0718610614523879	181.98	190	-30.4	13.397	13.397	0	65.9266585905142	12	0.228776440392883	0.000266575342867358
0.0720700400208442	181.98	190	-30.4	13.397	13.397	0	66.7170093063357	12	0.228776440392883	0.000275230950758522
0.0711473491518837	181.98	190	-30.4	13.397	13.397	0	66.291362011528	12	0.228776440392883	0.000277885424357265
0.0716831278512366	181.98	190	-30.4	13.397	13.397	0	65.7890836487651	12	0.228776440392883	0.000265531552834319
0.0720526569922642	181.98	190	-30.4	13.397	13.397	0	66.2418167840036	12	0.228776440392883	0.000269853286644903
0.0710845677310777	181.98	190	-30.4	13.397	13.397	0	65.4182223590915	12	0.228776440392883	0.000265578411294342
0.0720913480370035	181.98	190	-30.4	13.397	13.397	0	65.9690280319834	12	0.228776440392883	0.000267005052655212
0.0711943381193247	181.98	190	-30.4	13.397	13.397	0	65.2279820433015	12	0.228776440392883	0.000261755108107116
0.0723901889074002	181.98	190	-30.4	13.397	13.397	0	66.4248346592248	12	0.228776440392883	0.00027243259051027
0.0713863818883615	181.98	190	-30.4	13.397	13.397	0	65.0974398142669	12	0.228776440392883	0.000258654823760492
0.0717654241269266	181.98	190	-30.4	13.397	13.397	0	65.8958439521437	12	0.228776440392883	0.000266480340430056
0.0723087133727729	181.98	190	-30.4	13.397	13.397	0	66.3186981186792	12	0.228776440392883	0.000271074838206345
0.071687111829327	181.98	190	-30.4	13.397	13.397	0	65.2703282269224	12	0.228776440392883	0.000259591722207404
0.0724912924183952	181.98	190	-30.4	13.397	13.397	0	65.7013740876447	12	0.228776440392883	0.000267094408107568
0.0723590591999482	181.98	190	-30.4	13.397	13.397	0	66.9649665407893	12	0.228776440392883	0.000277808933380395
0.071494449583909	181.98	190	-30.4	13.397	13.397	0	65.0716129876541	12	0.228776440392883	0.000257855114410247
0.0715774389737534	181.98	190	-30.4	13.397	13.397	0	65.7097407832111	12	0.228776440392883	0.000265089064474628
0.0721639253258561	181.98	190	-30.4	13.397	13.397	0	66.2303320001663	12	0.228776440392883	0.000269801987140901
0.0722554292797008	181.98	190	-30.4	13.397	13.397	0	66.2322597805581	12	0.228776440392883	0.000270045489443954
0.0712697170678218	181.98	190	-30.4	13.397	13.397	0	65.9641322064335	12	0.228776440392883	0.000271231112921981
0.0713479792339272	181.98	190	-30.4	13.397	13.397	0	65.8426709620662	12	0.228776440392883	0.000268641771828239
0.0714297448256409	181.98	190	-30.4	13.397	13.397	0	65.4863130653156	12	0.228776440392883	0.00026321247009811
0.071184827209559	181.98	190	-30.4	13.397	13.397	0	65.034454735414	12	0.228776440392883	0.000259278359559224
0.0717492120959364	181.98	190	-30.4	13.397	13.397	0	65.7500832495668	12	0.228776440392883	0.000264833922817747
0.0720725622268916	181.98	190	-30.4	13.397	13.397	0	66.5277585896955	12	0.228776440392883	0.000273028199191726
0.0717592487286706	181.98	190	-30.4	13.397	13.397	0	65.8272210773633	12	0.228776440392883	0.000265697665569695
0.0715393671791761	181.98	190	-30.4	13.397	13.397	0	65.7138445994873	12	0.228776440392883	0.000265367159929479
0.07208142199325	181.98	190	-30.4	13.397	13.397	0	65.8718225785969	12	0.228776440392883	0.000266006035192081
0.0717196665872597	181.98	190	-30.4	13.397	13.397	0	65.9977995023318	12	0.228776440392883	0.000267890824701391
0.0721552080955424	181.98	190	-30.4	13.397	13.397	0	65.5377963926376	12	0.228776440392883	0.000263123797444816
0.0718789613974743	181.98	190	-30.4	13.397	13.397	0	65.6305619453017	12	0.228776440392883	0.000263313710296798
0.0720539868756018	181.98	190	-30.4	13.397	13.397	0	65.5828365526792	12	0.228776440392883	0.000263108289757482
0.071689370838628	181.98	190	-30.4	13.397	13.397	0	66.1285580947353	12	0.228776440392883	0.000269678954213004
0.0721250442258705	181.98	190	-30.4	13.397	13.397	0	65.5192399366425	12	0.228776440392883	0.000262805044444261
0.0715574019313363	181.98	190	-30.4	13.397	13.397	0	66.2524202573342	12	0.228776440392883	0.000272282018680537
0.0714238036709713	181.98	190	-30.4	13.397	13.397	0	65.6281704791015	12	0.228776440392883	0.000265080778427351
0.071343250359544	181.98	190	-30.4	13.397	13.397	0	65.4041078992761	12	0.228776440392883	0.000262795506160315
0.0714215714785802	181.98	190	-30.4	13.397	13.397	0	65.4627943809377	12	0.228776440392883	0.000262970196386324
0.0711431933496182	181.98	190	-30.4	13.397	13.397	0	65.4769344015608	12	0.228776440392883	0.000265724741730135
0.0715402180490046	181.98	190	-30.4	13.397	13.397	0	66.0190391473568	12	0.228776440392883	0.00026929814436449
0.0715743672660206	181.98	190	-30.4	13.397	13.397	0	66.3332891418806	12	0.228776440392883	0.000273233067349485
0.0723099492927891	181.98	190	-30.4	13.397	13.397	0	66.1786697679592	12	0.228776440392883	0.000269742964623828
0.0723143159047375	181.98	190	-30.4	13.397	13.397	0	66.3631373468922	12	0.228776440392883	0.000271527719567042
0.0717164086848942	181.98	190	-30.4	13.397	13.397	0	65.2421096759385	12	0.228776440392883	0.000259255733324178
0.0716750441756286	181.98	190	-30.4	13.397	13.397	0	65.958122607859	12	0.228776440392883	0.000267628321364075
0.0723102139091404	181.98	190	-30.4	13.397	13.397	0	66.2884013369886	12	0.228776440392883	0.00027078785965116
0.0718878638615085	181.98	190	-30.4	13.397	13.397	0	66.5987278070851	12	0.228776440392883	0.000274497265891143
0.0716260340290901	181.98	190	-30.4	13.397	13.397	0	66.4116427959694	12	0.228776440392883	0.00027384683956237
0.0720941709649861	181.98	190	-30.4	13.397	13.397	0	66.184968607046	12	0.228776440392883	0.000269247744735376
0.0720707997948885	181.98	190	-30.4	13.397	13.397	0	66.3135365649123	12	0.228776440392883	0.000270631587614684
