0.0710514019237977	181.98	190	-30.4	13.397	13.397	0	68.5002418571364	12	0.228776440392883	0.000320123483638097
0.0714088623953433	181.98	190	-30.4	13.397	13.397	0	66.2078410455583	12	0.228776440392883	0.000273136861166878
0.0717911484382107	181.98	190	-30.4	13.397	13.397	0	67.2462814897518	12	0.228776440392883	0.000283946960818744
0.0711407999866666	181.98	190	-30.4	13.397	13.397	0	66.3627604323635	12	0.228776440392883	0.000279124004589464
0.0718596305004597	181.98	190	-30.4	13.397	13.397	0	67.9015022196298	12	0.228776440392883	0.000292875771811347
0.0723952337230635	181.98	190	-30.4	13.397	13.397	0	66.3727192647375	12	0.228776440392883	0.000271966676864242
0.0704093442288004	181.98	190	-30.4	13.397	13.397	0	66.6372441980964	12	0.228776440392883	0.000300460307876647
0.0722799205362117	181.98	190	-30.4	13.397	13.397	0	68.6139098119408	12	0.228776440392883	0.000298937819444454
0.0707562305483906	181.98	190	-30.4	13.397	13.397	0	66.934547636046	12	0.228776440392883	0.000297032838629942
0.0712431554332723	181.98	190	-30.4	13.397	13.397	0	67.2771184499621	12	0.228776440392883	0.000292502842910084
0.0721272955285421	181.98	190	-30.4	13.397	13.397	0	67.2138480236591	12	0.228776440392883	0.000281075000488612
0.0719694227237701	181.98	190	-30.4	13.397	13.397	0	66.188960989521	12	0.228776440392883	0.000269345852769953
0.0712506577322005	181.98	190	-30.4	13.397	13.397	0	66.4629824625197	12	0.228776440392883	0.000279002969423676
0.0717342502248735	181.98	190	-30.4	13.397	13.397	0	68.8862497775824	12	0.228776440392883	0.000311156734923515
0.0711889064115259	181.98	190	-30.4	13.397	13.397	0	66.6017024247594	12	0.228776440392883	0.000282181670311111
0.071599133293301	181.98	190	-30.4	13.397	13.397	0	68.0937226292336	12	0.228776440392883	0.000299903490440863
0.0714316807386639	181.98	190	-30.4	13.397	13.397	0	68.8961661859775	12	0.228776440392883	0.000317989918135279
0.0716582348566111	181.98	190	-30.4	13.397	13.397	0	67.5259329802383	12	0.228776440392883	0.000289727584473399
0.0716930541583374	181.98	190	-30.4	13.397	13.397	0	67.6442435318906	12	0.228776440392883	0.000291092366292205
0.0717547582169215	181.98	190	-30.4	13.397	13.397	0	69.0324579319871	12	0.228776440392883	0.000313361851844194
0.0714788925739303	181.98	190	-30.4	13.397	13.397	0	67.1796289112815	12	0.228776440392883	0.000286866241293747
0.0719546188379122	181.98	190	-30.4	13.397	13.397	0	67.0002562256552	12	0.228776440392883	0.000279250103414162
0.0717944500231879	181.98	190	-30.4	13.397	13.397	0	67.7819455403576	12	0.228776440392883	0.000291870218155031
0.0718705868431055	181.98	190	-30.4	13.397	13.397	0	66.9142089479395	12	0.228776440392883	0.000278675053345759
0.0722448952768536	181.98	190	-30.4	13.397	13.397	0	66.8164712308867	12	0.228776440392883	0.000276129923489571
0.0718241336648733	181.98	190	-30.4	13.397	13.397	0	67.4319431698848	12	0.228776440392883	0.000286286149254675
0.072203683044669	181.98	190	-30.4	13.397	13.397	0	67.1935394195634	12	0.228776440392883	0.000280552744312757
0.0716482432609336	181.98	190	-30.4	13.397	13.397	0	67.6319502001217	12	0.228776440392883	0.000291535010980851
0.0723381436136462	181.98	190	-30.4	13.397	13.397	0	66.6981528021894	12	0.228776440392883	0.000274961300643024
0.0715080181427225	181.98	190	-30.4	13.397	13.397	0	66.5294891620338	12	0.228776440392883	0.000276653342865118
0.0714643706723749	181.98	190	-30.4	13.397	13.397	0	66.3522721597416	12	0.228776440392883	0.000274591120662324
0.0719062776963854	181.98	190	-30.4	13.397	13.397	0	66.7410781849873	12	0.228776440392883	0.000276197973163375
0.0717294418258538	181.98	190	-30.4	13.397	13.397	0	67.3702470919832	12	0.228776440392883	0.000286439838694795
0.0712776919673806	181.98	190	-30.4	13.397	13.397	0	66.863690138085	12	0.228776440392883	0.000284963113974833
0.072197651831008	181.98	190	-30.4	13.397	13.397	0	67.2758688456667	12	0.228776440392883	0.000281572612266031
0.0722534303077888	181.98	190	-30.4	13.397	13.397	0	67.4509870261298	12	0.228776440392883	0.000283535346544362
0.0717051509861652	181.98	190	-30.4	13.397	13.397	0	67.8970606686555	12	0.228776440392883	0.00029492395723723
0.071009388640858	181.98	190	-30.4	13.397	13.397	0	66.8148220358827	12	0.228776440392883	0.000289102768693366
0.0717652260992506	181.98	190	-30.4	13.397	13.397	0	67.4292955365089	12	0.228776440392883	0.000286899639476771
0.0716378474187613	181.98	190	-30.4	13.397	13.397	0	68.1900649341794	12	0.228776440392883	0.000300855688592894
0.0710175801559401	181.98	190	-30.4	13.397	13.397	0	66.5745337058609	12	0.228776440392883	0.000284789736390031
0.0706767606400076	181.98	190	-30.4	13.397	13.397	0	67.2587400058147	12	0.228776440392883	0.000305450681012813
0.0719097882781909	181.98	190	-30.4	13.397	13.397	0	66.9565107734113	12	0.228776440392883	0.000278964477059573
0.0724651594658053	181.98	190	-30.4	13.397	13.397	0	67.1385001172417	12	0.228776440392883	0.00027982644374521
0.0718488447568001	181.98	190	-30.4	13.397	13.397	0	67.2549036280408	12	0.228776440392883	0.000283509106382882
0.0720783634378035	181.98	190	-30.4	13.397	13.397	0	68.6259307800525	12	0.228776440392883	0.00030129478257624
0.072777236901123	181.98	190	-30.4	13.397	13.397	0	67.1728614461778	12	0.228776440392883	0.000281663869831846
0.0705865830784169	181.98	190	-30.4	13.397	13.397	0	67.8526696768567	12	0.228776440392883	0.000320484921773785
0.0718126860936476	181.98	190	-30.4	13.397	13.397	0	66.5700526581423	12	0.228776440392883	0.000274560232710893
0.0715439434503525	181.98	190	-30.4	13.397	13.397	0	66.4654448610675	12	0.228776440392883	0.000275358627199437
0.0722013489086326	181.98	190	-30.4	13.397	13.397	0	67.6390105435185	12	0.228776440392883	0.000286135913871216
0.0715152991187905	181.98	190	-30.4	13.397	13.397	0	67.1674276723725	12	0.228776440392883	0.000286142125135955
0.0720528919353364	181.98	190	-30.4	13.397	13.397	0	69.7213585987382	12	0.228776440392883	0.000319886551912625
0.0717660135818767	181.98	190	-30.4	13.397	13.397	0	66.8453111028249	12	0.228776440392883	0.000278561151008966
0.0716040483025523	181.98	190	-30.4	13.397	13.397	0	67.2135276057513	12	0.228776440392883	0.000285638946325352
0.0718700649110239	181.98	190	-30.4	13.397	13.397	0	67.0553676263969	12	0.228776440392883	0.000280572316594187
0.0718596480541419	181.98	190	-30.4	13.397	13.397	0	67.55863075705	12	0.228776440392883	0.000287754714166694
0.070505052738059	181.98	190	-30.4	13.397	13.397	0	67.1597860608145	12	0.228776440392883	0.000308355873997359
0.0713233954090497	181.98	190	-30.4	13.397	13.397	0	66.5563874008353	12	0.228776440392883	0.000279392947363746
0.0721845467280915	181.98	190	-30.4	13.397	13.397	0	66.6065368883466	12	0.228776440392883	0.000273820180224646
0.0715739290215144	181.98	190	-30.4	13.397	13.397	0	67.2542531181253	12	0.228776440392883	0.000286669867509136
0.0717804947363286	181.98	190	-30.4	13.397	13.397	0	67.3025649255748	12	0.228776440392883	0.000284870036641655
0.0720280894309947	181.98	190	-30.4	13.397	13.397	0	67.0755209271419	12	0.228776440392883	0.000279801239787138
0.0721396967965243	181.98	190	-30.4	13.397	13.397	0	67.3283328643816	12	0.228776440392883	0.000282460736123194
0.0711322622336832	181.98	190	-30.4	13.397	13.397	0	66.7682124563214	12	0.228776440392883	0.000285919241768315
0.0720382365866621	181.98	190	-30.4	13.397	13.397	0	67.2872145213706	12	0.228776440392883	0.000282483134089255
0.071588732488924	181.98	190	-30.4	13.397	13.397	0	67.3963596924846	12	0.228776440392883	0.000288677879546449
0.0714566898223706	181.98	190	-30.4	13.397	13.397	0	66.8075432703362	12	0.228776440392883	0.000281401434908636
0.0711424871586306	181.98	190	-30.4	13.397	13.397	0	65.7483242666827	12	0.228776440392883	0.000269659749238817
0.0717396609767492	181.98	190	-30.4	13.397	13.397	0	67.3381190169312	12	0.228776440392883	0.000285843299729639
0.0697728869542022	181.98	190	-30.4	13.397	13.397	0	67.1373106364908	12	0.228776440392883	0.000333227803709075
0.0714563671077503	181.98	190	-30.4	13.397	13.397	0	66.3262697301981	12	0.228776440392883	0.00027430701822357
0.0718206366640127	181.98	190	-30.4	13.397	13.397	0	67.3179614913529	12	0.228776440392883	0.000284676705222143
0.0713750079991366	181.98	190	-30.4	13.397	13.397	0	66.4403990152212	12	0.228776440392883	0.000276936076748061
0.071729982803486	181.98	190	-30.4	13.397	13.397	0	67.4789102392949	12	0.228776440392883	0.000288065074008785
0.0725066680952374	181.98	190	-30.4	13.397	13.397	0	67.3351555455747	12	0.228776440392883	0.000281995872018711
0.0720670216787601	181.98	190	-30.4	13.397	13.397	0	67.4632433762743	12	0.228776440392883	0.000284626287947237
0.0724031355024184	181.98	190	-30.4	13.397	13.397	0	65.9625918252326	12	0.228776440392883	0.000268372188903272
0.0721409282345299	181.98	190	-30.4	13.397	13.397	0	67.7698196312587	12	0.228776440392883	0.000288239860280216
0.0719197788036922	181.98	190	-30.4	13.397	13.397	0	68.039808808122	12	0.228776440392883	0.000294244196712807
0.0720268878606961	181.98	190	-30.4	13.397	13.397	0	68.3528444024101	12	0.228776440392883	0.000297722614300049
0.0711058335736399	181.98	190	-30.4	13.397	13.397	0	67.4633552912662	12	0.228776440392883	0.000298654851533512
0.0710361747729411	181.98	190	-30.4	13.397	13.397	0	67.1125536578975	12	0.228776440392883	0.000293823517868085
0.0711282662823523	181.98	190	-30.4	13.397	13.397	0	68.7481897062253	12	0.228776440392883	0.00032303541661798
0.0719454256143929	181.98	190	-30.4	13.397	13.397	0	67.2641197385146	12	0.228776440392883	0.000282819134630395
0.072659184613533	181.98	190	-30.4	13.397	13.397	0	68.1682381177349	12	0.228776440392883	0.000291412186987527
0.0720013050333822	181.98	190	-30.4	13.397	13.397	0	66.9517003321462	12	0.228776440392883	0.000278366263093161
0.0712447563594601	181.98	190	-30.4	13.397	13.397	0	67.470100618996	12	0.228776440392883	0.000295831447945847
0.0720269057671763	181.98	190	-30.4	13.397	13.397	0	66.8511326616882	12	0.228776440392883	0.000276993672603877
0.0720254179836711	181.98	190	-30.4	13.397	13.397	0	66.0807566453985	12	0.228776440392883	0.000268112710788565
0.071399835472243	181.98	190	-30.4	13.397	13.397	0	67.5860855890332	12	0.228776440392883	0.000294859354086439
0.0718945742595811	181.98	190	-30.4	13.397	13.397	0	67.7384088594946	12	0.228776440392883	0.000290016435643391
0.0723492000777732	181.98	190	-30.4	13.397	13.397	0	67.3533312748874	12	0.228776440392883	0.000282151632738318
0.0719150594642357	181.98	190	-30.4	13.397	13.397	0	66.2728882798854	12	0.228776440392883	0.00027043219720173
0.0718976939630281	181.98	190	-30.4	13.397	13.397	0	66.9763958923092	12	0.228776440392883	0.00027930927091593
0.0720036612053911	181.98	190	-30.4	13.397	13.397	0	66.6356495713217	12	0.228776440392883	0.000274460207966387
0.0723856227858285	181.98	190	-30.4	13.397	13.397	0	66.1649616378152	12	0.228776440392883	0.000270013984804157
0.0712141554617882	181.98	190	-30.4	13.397	13.397	0	67.0482335702901	12	0.228776440392883	0.000289138296346102
0.0716754298320232	181.98	190	-30.4	13.397	13.397	0	67.4913922894855	12	0.228776440392883	0.000288958316767932
0.0722538259560962	181.98	190	-30.4	13.397	13.397	0	66.940396028351	12	0.228776440392883	0.000277511702677099
0.0711699334606961	181.98	190	-30.4	13.397	13.397	0	65.441035607672	12	0.228776440392883	0.00026491999719127
0.0718536909903715	181.98	190	-30.4	13.397	13.397	0	69.9036448813955	12	0.228776440392883	0.000327349434294445
0.0715114035676405	181.98	190	-30.4	13.397	13.397	0	67.1054488533825	12	0.228776440392883	0.000285231916400859
0.0703753912386048	181.98	190	-30.4	13.397	13.397	0	65.2043579038664	12	0.228776440392883	0.000274250176864899
0.0717071485909773	181.98	190	-30.4	13.397	13.397	0	67.7812811167811	12	0.228776440392883	0.000293049089606207
0.0717497016132276	181.98	190	-30.4	13.397	13.397	0	66.0156268437957	12	0.228776440392883	0.000267970199529218
0.0719004818532887	181.98	190	-30.4	13.397	13.397	0	66.7929526157217	12	0.228776440392883	0.000276895397704283
0.0717153513053428	181.98	190	-30.4	13.397	13.397	0	66.699242578464	12	0.228776440392883	0.000276996071176674
0.0716695429477944	181.98	190	-30.4	13.397	13.397	0	67.2310827501894	12	0.228776440392883	0.000285079054115013
0.0715173249924594	181.98	190	-30.4	13.397	13.397	0	66.2091402505382	12	0.228776440392883	0.000272053842227708
0.0717216085524279	181.98	190	-30.4	13.397	13.397	0	66.2918488367811	12	0.228776440392883	0.000271558521194553
0.0700467173743087	181.98	190	-30.4	13.397	13.397	0	67.6083927698117	12	0.228776440392883	0.000333864655397064
0.0703684651110993	181.98	190	-30.4	13.397	13.397	0	66.8397178986774	12	0.228776440392883	0.000305799432182081
0.0716058532014437	181.98	190	-30.4	13.397	13.397	0	67.22185775722	12	0.228776440392883	0.000285742436084216
0.0714125036518322	181.98	190	-30.4	13.397	13.397	0	72.627767888359	12	0.228776440392883	0.000402970100915372
0.0712423215312153	181.98	190	-30.4	13.397	13.397	0	67.8973256090753	12	0.228776440392883	0.000303573679613601
0.0714966652125253	181.98	190	-30.4	13.397	13.397	0	68.0083627449044	12	0.228776440392883	0.000300313863723457
0.0722592514830143	181.98	190	-30.4	13.397	13.397	0	66.7431566887098	12	0.228776440392883	0.00027532962360232
0.0713584328234347	181.98	190	-30.4	13.397	13.397	0	66.4280740255606	12	0.228776440392883	0.000276965515709933
0.0714489508730374	181.98	190	-30.4	13.397	13.397	0	66.2094162655411	12	0.228776440392883	0.000272729760302891
0.0717911855436041	181.98	190	-30.4	13.397	13.397	0	67.5974834976646	12	0.228776440392883	0.000289106228014254
0.0710286700243933	181.98	190	-30.4	13.397	13.397	0	66.5367732788132	12	0.228776440392883	0.000283939462396389
0.0706426627814487	181.98	190	-30.4	13.397	13.397	0	66.3315940007723	12	0.228776440392883	0.000288487589887426
0.0711799505981295	181.98	190	-30.4	13.397	13.397	0	66.8153421194604	12	0.228776440392883	0.000285846223878784
0.0718482312144443	181.98	190	-30.4	13.397	13.397	0	67.9311024237243	12	0.228776440392883	0.000293473211784883
0.0711569796105343	181.98	190	-30.4	13.397	13.397	0	66.2774018851878	12	0.228776440392883	0.000277515718380568
0.072118343179803	181.98	190	-30.4	13.397	13.397	0	66.9435182401924	12	0.228776440392883	0.000277793202600283
0.0709482510024903	181.98	190	-30.4	13.397	13.397	0	68.1070377902278	12	0.228776440392883	0.000315007305243122
0.0721421938380371	181.98	190	-30.4	13.397	13.397	0	67.8504220762718	12	0.228776440392883	0.000289328136247433
0.0721387082453748	181.98	190	-30.4	13.397	13.397	0	66.6574064790704	12	0.228776440392883	0.000274413279332803
0.0718208183267227	181.98	190	-30.4	13.397	13.397	0	65.2282241509131	12	0.228776440392883	0.0002591286651841
0.0718155113117574	181.98	190	-30.4	13.397	13.397	0	66.4983027630434	12	0.228776440392883	0.000273624414923533
0.0720586309229403	181.98	190	-30.4	13.397	13.397	0	65.5825005656122	12	0.228776440392883	0.000263120306189867
0.0715701012422603	181.98	190	-30.4	13.397	13.397	0	66.9072373673096	12	0.228776440392883	0.000281457451986006
0.0717073253095482	181.98	190	-30.4	13.397	13.397	0	66.21709429114	12	0.228776440392883	0.000270693157405929
0.070427593665244	181.98	190	-30.4	13.397	13.397	0	66.8108103348014	12	0.228776440392883	0.000303458004801414
0.0716747128095272	181.98	190	-30.4	13.397	13.397	0	67.3843434364143	12	0.228776440392883	0.000287327032781488
0.0714064915463009	181.98	190	-30.4	13.397	13.397	0	67.1388824661792	12	0.228776440392883	0.000287331281403499
0.0726527686267859	181.98	190	-30.4	13.397	13.397	0	68.2380973955215	12	0.228776440392883	0.000292227634297372
0.071872326189775	181.98	190	-30.4	13.397	13.397	0	68.0698018980211	12	0.228776440392883	0.000295304764571862
0.0695728802005466	181.98	190	-30.4	13.397	13.397	0	66.1603161515892	12	0.228776440392883	0.000317750437275451
0.0713027194318041	181.98	190	-30.4	13.397	13.397	0	67.992744822899	12	0.228776440392883	0.000303989729305046
0.0719535484399844	181.98	190	-30.4	13.397	13.397	0	67.0247543718959	12	0.228776440392883	0.000279575834655081
0.0720717543373614	181.98	190	-30.4	13.397	13.397	0	67.7056218737582	12	0.228776440392883	0.000287876611772769
0.0720504993481696	181.98	190	-30.4	13.397	13.397	0	66.5182090833365	12	0.228776440392883	0.000272956958052328
0.0716350929156593	181.98	190	-30.4	13.397	13.397	0	67.6432816974694	12	0.228776440392883	0.000291907874496971
0.0702802993595683	181.98	190	-30.4	13.397	13.397	0	66.4372272290561	12	0.228776440392883	0.000300126477024105
0.0721091179526164	181.98	190	-30.4	13.397	13.397	0	66.3429701078215	12	0.228776440392883	0.000270945478746999
0.0716931081383551	181.98	190	-30.4	13.397	13.397	0	66.6284744265576	12	0.228776440392883	0.000276220799577699
0.0718603930471514	181.98	190	-30.4	13.397	13.397	0	67.5748086305971	12	0.228776440392883	0.000287983196399922
0.0717505305014321	181.98	190	-30.4	13.397	13.397	0	67.3564352529101	12	0.228776440392883	0.000285989521929163
0.0705211083524454	181.98	190	-30.4	13.397	13.397	0	70.1046536617148	12	0.228776440392883	0.000376323248704518
0.0721805886225521	181.98	190	-30.4	13.397	13.397	0	67.351986963256	12	0.228776440392883	0.000282578865791073
0.0716331634332749	181.98	190	-30.4	13.397	13.397	0	67.7633242278157	12	0.228776440392883	0.000293863810498727
0.0717976353270225	181.98	190	-30.4	13.397	13.397	0	66.9165471677364	12	0.228776440392883	0.000279269182989499
0.0703336535091579	181.98	190	-30.4	13.397	13.397	0	66.652430325164	12	0.228776440392883	0.00030296710444366
0.0718297078108742	181.98	190	-30.4	13.397	13.397	0	66.1000209003785	12	0.228776440392883	0.000268667008874128
0.0715744312446735	181.98	190	-30.4	13.397	13.397	0	67.2300661383497	12	0.228776440392883	0.000286288857806835
0.0712719041978103	181.98	190	-30.4	13.397	13.397	0	66.8023226643898	12	0.228776440392883	0.00028406326196567
0.0720862502413308	181.98	190	-30.4	13.397	13.397	0	67.6184346195298	12	0.228776440392883	0.00028657754170673
0.0719753931247067	181.98	190	-30.4	13.397	13.397	0	66.8952276093689	12	0.228776440392883	0.000277784111188367
0.0716387005086701	181.98	190	-30.4	13.397	13.397	0	66.025646494939	12	0.228776440392883	0.000268685647226798
0.0718132782839129	181.98	190	-30.4	13.397	13.397	0	67.4155339369278	12	0.228776440392883	0.000286162856369411
0.0718364159328003	181.98	190	-30.4	13.397	13.397	0	68.0448463567055	12	0.228776440392883	0.000295394596443427
0.0713506422931159	181.98	190	-30.4	13.397	13.397	0	66.3712455944581	12	0.228776440392883	0.000276216664699638
0.0720815277402834	181.98	190	-30.4	13.397	13.397	0	67.5279372935074	12	0.228776440392883	0.000285392853998835
0.0701216914446068	181.98	190	-30.4	13.397	13.397	0	66.3759154809853	12	0.228776440392883	0.000303654337135287
0.0716742087540253	181.98	190	-30.4	13.397	13.397	0	67.9098138454195	12	0.228776440392883	0.00029560181261325
0.070475665445178	181.98	190	-30.4	13.397	13.397	0	65.4876531664449	12	0.228776440392883	0.000277050353161881
0.0719758831419566	181.98	190	-30.4	13.397	13.397	0	67.4137105217311	12	0.228776440392883	0.000284621820759995
0.0713390206939248	181.98	190	-30.4	13.397	13.397	0	67.1400762762442	12	0.228776440392883	0.000288459632171793
0.0698705330391428	181.98	190	-30.4	13.397	13.397	0	65.5183867936233	12	0.228776440392883	0.000293496744027203
0.0705234773385191	181.98	190	-30.4	13.397	13.397	0	69.0400626623933	12	0.228776440392883	0.000349739711411059
0.0710294630948503	181.98	190	-30.4	13.397	13.397	0	67.1552582093833	12	0.228776440392883	0.000294738783229419
0.0721075860192217	181.98	190	-30.4	13.397	13.397	0	67.2006085247951	12	0.228776440392883	0.000280996060341084
0.0723650751961509	181.98	190	-30.4	13.397	13.397	0	68.4845362862444	12	0.228776440392883	0.000296434983779953
0.0709223203400873	181.98	190	-30.4	13.397	13.397	0	67.2468563136948	12	0.228776440392883	0.000298882175245339
0.0719094732343155	181.98	190	-30.4	13.397	13.397	0	68.5254389992728	12	0.228776440392883	0.000302013782432658
0.0715290090156729	181.98	190	-30.4	13.397	13.397	0	67.2578287594	12	0.228776440392883	0.000287361902882298
0.0711207223546822	181.98	190	-30.4	13.397	13.397	0	66.4634707986408	12	0.228776440392883	0.000281080258179354
0.0704013379759713	181.98	190	-30.4	13.397	13.397	0	67.2578651009846	12	0.228776440392883	0.000313593912796345
0.071686789606392	181.98	190	-30.4	13.397	13.397	0	67.5658068144384	12	0.228776440392883	0.000289956712272138
0.0713182700626367	181.98	190	-30.4	13.397	13.397	0	66.3061413578884	12	0.228776440392883	0.000275662817266825
0.0718616917404972	181.98	190	-30.4	13.397	13.397	0	67.4642768465222	12	0.228776440392883	0.000286364933165044
0.0724980496037203	181.98	190	-30.4	13.397	13.397	0	67.3266841368786	12	0.228776440392883	0.000281890309092255
0.072136689638332	181.98	190	-30.4	13.397	13.397	0	66.8981005230953	12	0.228776440392883	0.000277202074862946
0.0717868240881392	181.98	190	-30.4	13.397	13.397	0	67.3825998238647	12	0.228776440392883	0.000285968251369893
0.0702892478195946	181.98	190	-30.4	13.397	13.397	0	66.3310345518652	12	0.228776440392883	0.000297710506978143
0.0702221032934936	181.98	190	-30.4	13.397	13.397	0	65.1305290642358	12	0.228776440392883	0.000276418891104713
0.0701443402864378	181.98	190	-30.4	13.397	13.397	0	66.2808198244654	12	0.228776440392883	0.000300964465453454
0.0717508374521144	181.98	190	-30.4	13.397	13.397	0	66.9199467746508	12	0.228776440392883	0.000279724741235835
0.0714403478303647	181.98	190	-30.4	13.397	13.397	0	67.6046827292663	12	0.228776440392883	0.000294444666951784
0.0714241544113092	181.98	190	-30.4	13.397	13.397	0	67.0674703862017	12	0.228776440392883	0.000285912522503426
0.0716901561107495	181.98	190	-30.4	13.397	13.397	0	67.2181710595288	12	0.228776440392883	0.000284641513750578
0.0710725477992685	181.98	190	-30.4	13.397	13.397	0	66.3276408151849	12	0.228776440392883	0.000279688416176365
0.0714575985203836	181.98	190	-30.4	13.397	13.397	0	67.2741787169686	12	0.228776440392883	0.000288704564805299
0.0710391186764284	181.98	190	-30.4	13.397	13.397	0	67.7672232023114	12	0.228776440392883	0.000305915480002139
0.0715841098953617	181.98	190	-30.4	13.397	13.397	0	68.2196709930107	12	0.228776440392883	0.000302333500571505
0.0716647559081323	181.98	190	-30.4	13.397	13.397	0	67.0415518114533	12	0.228776440392883	0.000282333912326835
0.0716205960336524	181.98	190	-30.4	13.397	13.397	0	67.5871422291677	12	0.228776440392883	0.000291228693374711
0.0713123578205893	181.98	190	-30.4	13.397	13.397	0	67.0143210275639	12	0.228776440392883	0.000286843669236169
0.0720563260663097	181.98	190	-30.4	13.397	13.397	0	67.3197281323021	12	0.228776440392883	0.000282798351078033
0.0713399786983479	181.98	190	-30.4	13.397	13.397	0	67.3754926739144	12	0.228776440392883	0.000292375077403767
0.0719607544640899	181.98	190	-30.4	13.397	13.397	0	68.3686199946581	12	0.228776440392883	0.000298798735774065
0.0714066444226834	181.98	190	-30.4	13.397	13.397	0	66.2023625965222	12	0.228776440392883	0.000273083102468622
0.0718719112913459	181.98	190	-30.4	13.397	13.397	0	67.9167010952471	12	0.228776440392883	0.000292955498779024
0.0717960893352909	181.98	190	-30.4	13.397	13.397	0	65.7924489984593	12	0.228776440392883	0.000265194607700189
0.0710138656126125	181.98	190	-30.4	13.397	13.397	0	66.7369007990935	12	0.228776440392883	0.000287653169942314
0.0716115200773316	181.98	190	-30.4	13.397	13.397	0	65.7421854940075	12	0.228776440392883	0.000265303698051391
0.0718390856415793	181.98	190	-30.4	13.397	13.397	0	68.8515926654263	12	0.228776440392883	0.000308600666696079
0.0721790147539141	181.98	190	-30.4	13.397	13.397	0	67.9130583350896	12	0.228776440392883	0.000289916363788848
0.0722194365441726	181.98	190	-30.4	13.397	13.397	0	66.9820164731034	12	0.228776440392883	0.00027802205429577
0.0716448842796478	181.98	190	-30.4	13.397	13.397	0	66.792251103832	12	0.228776440392883	0.000278954396557858
0.0714790973826357	181.98	190	-30.4	13.397	13.397	0	66.3328412529864	12	0.228776440392883	0.000274156970591456
0.0717635858103041	181.98	190	-30.4	13.397	13.397	0	66.9738161145091	12	0.228776440392883	0.000280358426591184
0.0709729159639008	181.98	190	-30.4	13.397	13.397	0	66.6911431188905	12	0.228776440392883	0.000287683352303334
0.071666461454619	181.98	190	-30.4	13.397	13.397	0	66.6148513726014	12	0.228776440392883	0.00027626742477284
0.0714981647280452	181.98	190	-30.4	13.397	13.397	0	67.3385435195076	12	0.228776440392883	0.000289106856301202
0.071285100724227	181.98	190	-30.4	13.397	13.397	0	67.3877220743184	12	0.228776440392883	0.000293605994315406
0.0717151956118234	181.98	190	-30.4	13.397	13.397	0	68.2655983504974	12	0.228776440392883	0.00030080235578489
0.071527188492201	181.98	190	-30.4	13.397	13.397	0	66.7423988327023	12	0.228776440392883	0.00027953475742417
0.0718072896054793	181.98	190	-30.4	13.397	13.397	0	66.904770195024	12	0.228776440392883	0.000279029384338429
0.0716536699130893	181.98	190	-30.4	13.397	13.397	0	68.2762366835193	12	0.228776440392883	0.000302041253964962
0.0701255966818212	181.98	190	-30.4	13.397	13.397	0	66.3200778482486	12	0.228776440392883	0.000302359080872396
0.0701124496190453	181.98	190	-30.4	13.397	13.397	0	66.972548669012	12	0.228776440392883	0.000316881800783257
0.0719837477667537	181.98	190	-30.4	13.397	13.397	0	67.9060572737599	12	0.228776440392883	0.000291526455422519
0.0721623473640321	181.98	190	-30.4	13.397	13.397	0	66.879516445832	12	0.228776440392883	0.000276928475042448
0.0720799694256659	181.98	190	-30.4	13.397	13.397	0	66.8631490454276	12	0.228776440392883	0.000276945743237608
0.0703864173262353	181.98	190	-30.4	13.397	13.397	0	66.5969989872795	12	0.228776440392883	0.000300301478595796
0.0718957709890562	181.98	190	-30.4	13.397	13.397	0	66.9961557812257	12	0.228776440392883	0.000279585132309105
0.0704958092066786	181.98	190	-30.4	13.397	13.397	0	68.0046876520936	12	0.228776440392883	0.000326798956809764
0.0714221924746862	181.98	190	-30.4	13.397	13.397	0	66.3973426648871	12	0.228776440392883	0.00027572032369413
0.0713545958508557	181.98	190	-30.4	13.397	13.397	0	66.1541124163327	12	0.228776440392883	0.000272979893503634
0.071513608784436	181.98	190	-30.4	13.397	13.397	0	69.9114635100947	12	0.228776440392883	0.000336161558486965
0.0717058836154463	181.98	190	-30.4	13.397	13.397	0	67.7352915129909	12	0.228776440392883	0.000292341216225703
0.0720428076043362	181.98	190	-30.4	13.397	13.397	0	67.5562444065236	12	0.228776440392883	0.000286051993047165
0.0718218616544703	181.98	190	-30.4	13.397	13.397	0	67.3358993497398	12	0.228776440392883	0.000284921726897443
0.0711381712326795	181.98	190	-30.4	13.397	13.397	0	67.5338499806792	12	0.228776440392883	0.000299225192292507
0.0717124157286248	181.98	190	-30.4	13.397	13.397	0	66.3151492645135	12	0.228776440392883	0.000271917253202147
0.0725398898723817	181.98	190	-30.4	13.397	13.397	0	67.5626338039871	12	0.228776440392883	0.000284513039727652
0.0716964756970957	181.98	190	-30.4	13.397	13.397	0	66.6899351803034	12	0.228776440392883	0.000277032740478087
0.0704705349720423	181.98	190	-30.4	13.397	13.397	0	66.2441613421187	12	0.228776440392883	0.000291079668113374
0.0724801927370589	181.98	190	-30.4	13.397	13.397	0	67.7966982954281	12	0.228776440392883	0.000287182029154247
0.0707573758006204	181.98	190	-30.4	13.397	13.397	0	66.3604038105007	12	0.228776440392883	0.00028639883657409
0.0714145841420551	181.98	190	-30.4	13.397	13.397	0	67.9401925324428	12	0.228776440392883	0.000300712630280076
0.0719888272104085	181.98	190	-30.4	13.397	13.397	0	68.4504294142911	12	0.228776440392883	0.00029970920010153
0.0717388800499373	181.98	190	-30.4	13.397	13.397	0	67.2594183082297	12	0.228776440392883	0.000284693551244459
0.0717159726995805	181.98	190	-30.4	13.397	13.397	0	66.636758833442	12	0.228776440392883	0.000276141386836439
0.0719550368938761	181.98	190	-30.4	13.397	13.397	0	67.0513454150842	12	0.228776440392883	0.00027991411135872
0.0710648784457353	181.98	190	-30.4	13.397	13.397	0	66.6828644332064	12	0.228776440392883	0.000285732090779639
0.0714656467095288	181.98	190	-30.4	13.397	13.397	0	66.8613589106048	12	0.228776440392883	0.000282101932039797
0.0711634776866968	181.98	190	-30.4	13.397	13.397	0	66.1480121568582	12	0.228776440392883	0.000275401953571959
0.0723597613121541	181.98	190	-30.4	13.397	13.397	0	66.0578243276169	12	0.228776440392883	0.00026890343528569
0.0718584382197163	181.98	190	-30.4	13.397	13.397	0	66.892374722103	12	0.228776440392883	0.000278471768860537
0.0707147974793127	181.98	190	-30.4	13.397	13.397	0	70.0560773374858	12	0.228776440392883	0.000366964091746003
0.0716406750805588	181.98	190	-30.4	13.397	13.397	0	66.6250426424128	12	0.228776440392883	0.000276644931787069
0.0718415067355941	181.98	190	-30.4	13.397	13.397	0	67.1906289621062	12	0.228776440392883	0.000282675209151285
0.0719479140700339	181.98	190	-30.4	13.397	13.397	0	66.3231882751904	12	0.228776440392883	0.000270929515904713
0.0723843741197423	181.98	190	-30.4	13.397	13.397	0	66.3419267850764	12	0.228776440392883	0.000271625133408069
0.0716437215986922	181.98	190	-30.4	13.397	13.397	0	67.5626917280265	12	0.228776440392883	0.000290506786715585
0.0722916359526155	181.98	190	-30.4	13.397	13.397	0	67.2815237043092	12	0.228776440392883	0.000281397076247747
0.0714831588048654	181.98	190	-30.4	13.397	13.397	0	66.8395013302022	12	0.228776440392883	0.000281536155869671
0.0720879477498561	181.98	190	-30.4	13.397	13.397	0	66.7179655537697	12	0.228776440392883	0.000275197920750514
0.071708567445189	181.98	190	-30.4	13.397	13.397	0	66.3049295834458	12	0.228776440392883	0.000271810779244875
0.0725575241390158	181.98	190	-30.4	13.397	13.397	0	67.6196065648033	12	0.228776440392883	0.000285159926624972
0.0717680658515059	181.98	190	-30.4	13.397	13.397	0	67.9286873229271	12	0.228776440392883	0.000294513280253505
0.0721715748637508	181.98	190	-30.4	13.397	13.397	0	67.0173360844122	12	0.228776440392883	0.00027852932324328
0.0714202480867569	181.98	190	-30.4	13.397	13.397	0	66.5700574122126	12	0.228776440392883	0.000278294833114005
0.0718349716276309	181.98	190	-30.4	13.397	13.397	0	67.8310046763491	12	0.228776440392883	0.000292107159781076
0.0714284883603528	181.98	190	-30.4	13.397	13.397	0	67.3168151781796	12	0.228776440392883	0.000289866321016185
0.0701465876849257	181.98	190	-30.4	13.397	13.397	0	67.8271700924199	12	0.228776440392883	0.000335247846523459
0.0717376337188634	181.98	190	-30.4	13.397	13.397	0	67.1678036041704	12	0.228776440392883	0.000283373250957281
0.0713795039403967	181.98	190	-30.4	13.397	13.397	0	66.1229505703466	12	0.228776440392883	0.00027224968608225
0.0717585751328641	181.98	190	-30.4	13.397	13.397	0	67.9154857001658	12	0.228776440392883	0.000294438849453976
0.0718820565933856	181.98	190	-30.4	13.397	13.397	0	66.7991879588554	12	0.228776440392883	0.000277088659008306
0.0714206327283154	181.98	190	-30.4	13.397	13.397	0	66.1813140265664	12	0.228776440392883	0.000272631612168327
0.0713437730790452	181.98	190	-30.4	13.397	13.397	0	66.7052769588649	12	0.228776440392883	0.000281408381590672
0.0717879073131859	181.98	190	-30.4	13.397	13.397	0	66.7581538985773	12	0.228776440392883	0.000277204287536942
0.0714127491444266	181.98	190	-30.4	13.397	13.397	0	67.442227323478	12	0.228776440392883	0.000292204571340078
0.0703405165054076	181.98	190	-30.4	13.397	13.397	0	66.241801600081	12	0.228776440392883	0.000294488393323799
0.0717520549309635	181.98	190	-30.4	13.397	13.397	0	67.040689834133	12	0.228776440392883	0.000281407233908432
0.0721586966586996	181.98	190	-30.4	13.397	13.397	0	66.453204359511	12	0.228776440392883	0.000272147708414625
0.0712660975222415	181.98	190	-30.4	13.397	13.397	0	66.5577444425048	12	0.228776440392883	0.000280255385418631
0.0718418598713467	181.98	190	-30.4	13.397	13.397	0	65.2669434389639	12	0.228776440392883	0.000259542289476894
0.0719952565129244	181.98	190	-30.4	13.397	13.397	0	67.6801848040414	12	0.228776440392883	0.000288166672018057
0.0718822172414652	181.98	190	-30.4	13.397	13.397	0	68.1659757222307	12	0.228776440392883	0.000296672986241761
0.0717187150686003	181.98	190	-30.4	13.397	13.397	0	66.9569435713482	12	0.228776440392883	0.000280549047534403
0.0720651300936601	181.98	190	-30.4	13.397	13.397	0	67.5392945778225	12	0.228776440392883	0.000285658755351837
0.0716875563433002	181.98	190	-30.4	13.397	13.397	0	72.5387008716393	12	0.228776440392883	0.000389626073182531
0.071908860321375	181.98	190	-30.4	13.397	13.397	0	66.3561994150081	12	0.228776440392883	0.000271438091481426
0.0715959084951698	181.98	190	-30.4	13.397	13.397	0	67.3712849117939	12	0.228776440392883	0.000288183864883574
0.0716504052262664	181.98	190	-30.4	13.397	13.397	0	67.9935130196831	12	0.228776440392883	0.000297352420999126
0.0716879183604559	181.98	190	-30.4	13.397	13.397	0	67.9399143196534	12	0.228776440392883	0.000295877930128075
0.0718862528964491	181.98	190	-30.4	13.397	13.397	0	66.8401627212137	12	0.228776440392883	0.000277595021648983
0.0716955922569799	181.98	190	-30.4	13.397	13.397	0	67.3598858432356	12	0.228776440392883	0.000286693903608755
0.0721015271670324	181.98	190	-30.4	13.397	13.397	0	67.055491558479	12	0.228776440392883	0.000279213862676935
0.0719337632621332	181.98	190	-30.4	13.397	13.397	0	67.3380055907671	12	0.228776440392883	0.000283922503752232
0.0718407184500251	181.98	190	-30.4	13.397	13.397	0	67.7457131150681	12	0.228776440392883	0.000290743772127613
0.0718672108226965	181.98	190	-30.4	13.397	13.397	0	67.4215686114391	12	0.228776440392883	0.000285697006504392
0.071007537396479	181.98	190	-30.4	13.397	13.397	0	66.5359200955322	12	0.228776440392883	0.000284324728480382
0.0711000876679597	181.98	190	-30.4	13.397	13.397	0	65.6032337163565	12	0.228776440392883	0.000268071844457756
0.0718268920070324	181.98	190	-30.4	13.397	13.397	0	66.6200413433399	12	0.228776440392883	0.000275116051961107
0.0717459236613058	181.98	190	-30.4	13.397	13.397	0	67.1203799285878	12	0.228776440392883	0.000282603451872769
0.0702102889080227	181.98	190	-30.4	13.397	13.397	0	66.7058037601999	12	0.228776440392883	0.00030785888852803
0.0700959561968743	181.98	190	-30.4	13.397	13.397	0	65.5204457596316	12	0.228776440392883	0.000287009052048221
0.0714628171683483	181.98	190	-30.4	13.397	13.397	0	66.602056843071	12	0.228776440392883	0.000278239486971199
0.0725756332454052	181.98	190	-30.4	13.397	13.397	0	67.3308996740527	12	0.228776440392883	0.000282115925343992
0.0721707852339765	181.98	190	-30.4	13.397	13.397	0	67.6726951538186	12	0.228776440392883	0.000286748126520153
0.0711403412652577	181.98	190	-30.4	13.397	13.397	0	66.3983522288357	12	0.228776440392883	0.000279701406707894
0.0717300804346847	181.98	190	-30.4	13.397	13.397	0	67.3055366654908	12	0.228776440392883	0.000285471602254865
0.0722707936303767	181.98	190	-30.4	13.397	13.397	0	68.4186344265458	12	0.228776440392883	0.000296227311391711
0.0715663849691773	181.98	190	-30.4	13.397	13.397	0	68.1477353583719	12	0.228776440392883	0.000301420017304125
0.0718339505717532	181.98	190	-30.4	13.397	13.397	0	66.8054556836632	12	0.228776440392883	0.000277493740175948
0.0708278536735596	181.98	190	-30.4	13.397	13.397	0	67.2785792880288	12	0.228776440392883	0.000301823560232661
0.0701311554756476	181.98	190	-30.4	13.397	13.397	0	66.9288001832477	12	0.228776440392883	0.000315276968520786
0.0720258165302527	181.98	190	-30.4	13.397	13.397	0	67.2030415462662	12	0.228776440392883	0.000281458097346108
0.0717119927725871	181.98	190	-30.4	13.397	13.397	0	66.3532703496413	12	0.228776440392883	0.000272413381806062
0.0710825662447646	181.98	190	-30.4	13.397	13.397	0	66.5758694210545	12	0.228776440392883	0.000283602320524678
0.0724597483045525	181.98	190	-30.4	13.397	13.397	0	66.4455790258595	12	0.228776440392883	0.000272986680786026
0.0720909314020387	181.98	190	-30.4	13.397	13.397	0	67.2353826711523	12	0.228776440392883	0.000281516367072117
0.0718714654967653	181.98	190	-30.4	13.397	13.397	0	67.312453485036	12	0.228776440392883	0.000284109840777452
0.0710849961526405	181.98	190	-30.4	13.397	13.397	0	67.030190540974	12	0.228776440392883	0.000291336886471738
0.0718057101323469	181.98	190	-30.4	13.397	13.397	0	66.6674762695419	12	0.228776440392883	0.000275872734806474
0.0713327364642114	181.98	190	-30.4	13.397	13.397	0	66.4163167166535	12	0.228776440392883	0.000277127181434159
0.0691829437710858	181.98	190	-30.4	13.397	13.397	0	66.8781415315621	12	0.228776440392883	0.000351828153743939
0.0714598669556895	181.98	190	-30.4	13.397	13.397	0	67.1934902180213	12	0.228776440392883	0.000287374517405653
0.0712694541337934	181.98	190	-30.4	13.397	13.397	0	66.1545899426771	12	0.228776440392883	0.000274035850462066
0.0711724968987773	181.98	190	-30.4	13.397	13.397	0	66.6972612250666	12	0.228776440392883	0.000284021022523875
0.0718043035235585	181.98	190	-30.4	13.397	13.397	0	67.5171935220001	12	0.228776440392883	0.000287754879761897
0.0718312884546793	181.98	190	-30.4	13.397	13.397	0	66.7796093052534	12	0.228776440392883	0.000277170727065642
0.0717650734332799	181.98	190	-30.4	13.397	13.397	0	67.4439679572592	12	0.228776440392883	0.000287119386507998
0.0717751054490044	181.98	190	-30.4	13.397	13.397	0	66.5076953746858	12	0.228776440392883	0.000273994982355364
0.0700195033230002	181.98	190	-30.4	13.397	13.397	0	67.2806126076862	12	0.228776440392883	0.000327193826072697
0.0702252380616348	181.98	190	-30.4	13.397	13.397	0	66.5408490560378	12	0.228776440392883	0.000303916366094693
0.071794016972114	181.98	190	-30.4	13.397	13.397	0	66.9979967514993	12	0.228776440392883	0.000280420212415333
0.0719823902203074	181.98	190	-30.4	13.397	13.397	0	68.0233515743851	12	0.228776440392883	0.000293270753697218
0.0697901766514515	181.98	190	-30.4	13.397	13.397	0	67.4048501435521	12	0.228776440392883	0.00033904726818353
0.0718341235423908	181.98	190	-30.4	13.397	13.397	0	67.5172929303954	12	0.228776440392883	0.000287424795022275
0.0714092427626976	181.98	190	-30.4	13.397	13.397	0	68.9196791741752	12	0.228776440392883	0.000318997960541417
0.0721840681258421	181.98	190	-30.4	13.397	13.397	0	69.3945825733969	12	0.228776440392883	0.000312128827056943
0.0714065833883469	181.98	190	-30.4	13.397	13.397	0	66.9038599380582	12	0.228776440392883	0.000283592507853025
0.0711703157914865	181.98	190	-30.4	13.397	13.397	0	65.1663237933358	12	0.228776440392883	0.000261154002137264
0.0719643789341532	181.98	190	-30.4	13.397	13.397	0	67.7025584708844	12	0.228776440392883	0.000288773323567864
0.0701379003205084	181.98	190	-30.4	13.397	13.397	0	65.2234106121453	12	0.228776440392883	0.000280201684861847
0.0715002341726036	181.98	190	-30.4	13.397	13.397	0	66.3806171646446	12	0.228776440392883	0.000274611515146373
0.0720764009675205	181.98	190	-30.4	13.397	13.397	0	66.9884159469293	12	0.228776440392883	0.000278485705402639
0.0712859777077964	181.98	190	-30.4	13.397	13.397	0	66.6355028753739	12	0.228776440392883	0.000281177636541906
0.0707490231181022	181.98	190	-30.4	13.397	13.397	0	68.4999371854039	12	0.228776440392883	0.000329324072100326
0.0711571496522361	181.98	190	-30.4	13.397	13.397	0	65.253488338046	12	0.228776440392883	0.000262462426878715
0.0711978100007449	181.98	190	-30.4	13.397	13.397	0	67.3803711977577	12	0.228776440392883	0.000295201768446564
0.0718924821331318	181.98	190	-30.4	13.397	13.397	0	67.6168333002912	12	0.228776440392883	0.000288256919246502
0.0711524394881598	181.98	190	-30.4	13.397	13.397	0	68.3123954637738	12	0.228776440392883	0.000313629872396528
0.0702534597576845	181.98	190	-30.4	13.397	13.397	0	69.4661111810999	12	0.228776440392883	0.000371509521378091
0.0713545715477365	181.98	190	-30.4	13.397	13.397	0	66.7285703642358	12	0.228776440392883	0.000281613731333327
0.0720934133341224	181.98	190	-30.4	13.397	13.397	0	67.1086780229398	12	0.228776440392883	0.000279906815865764
0.071171345196963	181.98	190	-30.4	13.397	13.397	0	66.1581137904763	12	0.228776440392883	0.000275442754677572
0.0718282391835008	181.98	190	-30.4	13.397	13.397	0	67.5135161750228	12	0.228776440392883	0.000287433600322231
0.0714463605093296	181.98	190	-30.4	13.397	13.397	0	65.7563410832755	12	0.228776440392883	0.000266581339252837
0.0714426477111384	181.98	190	-30.4	13.397	13.397	0	66.9757843452254	12	0.228776440392883	0.000284192330058161
0.0720763306452824	181.98	190	-30.4	13.397	13.397	0	67.671532724934	12	0.228776440392883	0.000287373171759595
0.0720667568531516	181.98	190	-30.4	13.397	13.397	0	66.939261766271	12	0.228776440392883	0.000277918756294303
0.0725816073412789	181.98	190	-30.4	13.397	13.397	0	66.8553610138304	12	0.228776440392883	0.000277468669080435
0.0715134367404682	181.98	190	-30.4	13.397	13.397	0	67.7376285562961	12	0.228776440392883	0.000295398821022256
0.0714762839670485	181.98	190	-30.4	13.397	13.397	0	67.453179006348	12	0.228776440392883	0.00029131384470726
0.0712538042039814	181.98	190	-30.4	13.397	13.397	0	69.2466787504437	12	0.228776440392883	0.000329757138691471
0.0722835958653404	181.98	190	-30.4	13.397	13.397	0	67.4184865076123	12	0.228776440392883	0.000283048205473429
0.0718558015696134	181.98	190	-30.4	13.397	13.397	0	67.1887613896676	12	0.228776440392883	0.00028252178685175
0.0712482838279439	181.98	190	-30.4	13.397	13.397	0	66.7708410851528	12	0.228776440392883	0.000283941057479978
0.0712573467273224	181.98	190	-30.4	13.397	13.397	0	67.9918918687866	12	0.228776440392883	0.000304982094499872
0.0721004055803718	181.98	190	-30.4	13.397	13.397	0	67.051562344981	12	0.228776440392883	0.000279169789889542
0.0721243832899263	181.98	190	-30.4	13.397	13.397	0	66.1444165856009	12	0.228776440392883	0.000268854821612793
0.0714715670164348	181.98	190	-30.4	13.397	13.397	0	67.5984815902521	12	0.228776440392883	0.000293795184547308
0.0719097737240292	181.98	190	-30.4	13.397	13.397	0	66.7946607983174	12	0.228776440392883	0.000276862819668193
0.0717804954449	181.98	190	-30.4	13.397	13.397	0	66.2530058703485	12	0.228776440392883	0.00027073261392686
0.0721410710249353	181.98	190	-30.4	13.397	13.397	0	67.3135208616335	12	0.228776440392883	0.000282266955226232
0.0713639977705216	181.98	190	-30.4	13.397	13.397	0	68.3568875718708	12	0.228776440392883	0.000309348526841063
0.0702441057772189	181.98	190	-30.4	13.397	13.397	0	66.8348820466982	12	0.228776440392883	0.00030953878457139
0.0719026943606293	181.98	190	-30.4	13.397	13.397	0	67.3158342019413	12	0.228776440392883	0.0002838785471629
0.0699984918233837	181.98	190	-30.4	13.397	13.397	0	65.6170756682743	12	0.228776440392883	0.000291693933242325
0.0717716633836922	181.98	190	-30.4	13.397	13.397	0	68.1446229776858	12	0.228776440392883	0.000297913558568927
0.071678569764383	181.98	190	-30.4	13.397	13.397	0	67.7510872869674	12	0.228776440392883	0.000292984137198046
0.0727564504580224	181.98	190	-30.4	13.397	13.397	0	68.0232423728289	12	0.228776440392883	0.000289918854848959
0.0712196736154627	181.98	190	-30.4	13.397	13.397	0	67.4278209272664	12	0.228776440392883	0.000295593971493585
0.0717062793665807	181.98	190	-30.4	13.397	13.397	0	67.2861196128738	12	0.228776440392883	0.000285460794783221
0.0716626643301031	181.98	190	-30.4	13.397	13.397	0	67.2074118424445	12	0.228776440392883	0.000284808495018137
0.0715155588835429	181.98	190	-30.4	13.397	13.397	0	67.4450379205975	12	0.228776440392883	0.000290550880021292
0.0719527356945316	181.98	190	-30.4	13.397	13.397	0	67.0513731209623	12	0.228776440392883	0.000279929208897136
0.071325942147072	181.98	190	-30.4	13.397	13.397	0	66.5433079142043	12	0.228776440392883	0.000279155443791192
0.0712218414458115	181.98	190	-30.4	13.397	13.397	0	65.3359127402359	12	0.228776440392883	0.000262947472506252
0.0713607084081413	181.98	190	-30.4	13.397	13.397	0	67.4490130422015	12	0.228776440392883	0.000293243918071156
0.0712015161774897	181.98	190	-30.4	13.397	13.397	0	67.1278037715394	12	0.228776440392883	0.000290732057348521
0.0719561611058227	181.98	190	-30.4	13.397	13.397	0	68.4113798221709	12	0.228776440392883	0.000299530911241542
0.071577014912008	181.98	190	-30.4	13.397	13.397	0	66.7402379108629	12	0.228776440392883	0.00027893107980494
0.0715430003536868	181.98	190	-30.4	13.397	13.397	0	67.2179129698289	12	0.228776440392883	0.000286536599311716
0.0720810305185809	181.98	190	-30.4	13.397	13.397	0	66.721119953211	12	0.228776440392883	0.000275251470059496
0.0718322786950948	181.98	190	-30.4	13.397	13.397	0	67.3702823545066	12	0.228776440392883	0.000285310267178585
0.0717568511116474	181.98	190	-30.4	13.397	13.397	0	68.3441591661672	12	0.228776440392883	0.000301422635606405
0.0713824340091097	181.98	190	-30.4	13.397	13.397	0	65.3216278265417	12	0.228776440392883	0.000261452031257066
0.0699511239684663	181.98	190	-30.4	13.397	13.397	0	65.8287866241629	12	0.228776440392883	0.000297472328336604
0.0718876881166925	181.98	190	-30.4	13.397	13.397	0	67.3191918972125	12	0.228776440392883	0.000284057428557783
0.0703384377003631	181.98	190	-30.4	13.397	13.397	0	67.5502930171337	12	0.228776440392883	0.00032202460165214
0.0716525371469428	181.98	190	-30.4	13.397	13.397	0	66.5555499349681	12	0.228776440392883	0.0002755773886094
0.0714400569774057	181.98	190	-30.4	13.397	13.397	0	66.8237457164879	12	0.228776440392883	0.000281874527730522
0.0719538167509592	181.98	190	-30.4	13.397	13.397	0	66.6614015315165	12	0.228776440392883	0.000274964526557538
0.0716628871394905	181.98	190	-30.4	13.397	13.397	0	66.5510922985858	12	0.228776440392883	0.000275425820199574
0.0712410136485694	181.98	190	-30.4	13.397	13.397	0	67.1890063057874	12	0.228776440392883	0.000291032171876079
0.0721266712020782	181.98	190	-30.4	13.397	13.397	0	66.8520286653409	12	0.228776440392883	0.000276682397900157
0.0720568519590694	181.98	190	-30.4	13.397	13.397	0	67.2525162533706	12	0.228776440392883	0.000281919580853551
0.0718129690236901	181.98	190	-30.4	13.397	13.397	0	66.5422114707523	12	0.228776440392883	0.000274200550496204
0.0713181207032935	181.98	190	-30.4	13.397	13.397	0	65.4013721610198	12	0.228776440392883	0.000262962793898428
0.0712918395375508	181.98	190	-30.4	13.397	13.397	0	67.1186348168146	12	0.228776440392883	0.00028892005538429
0.0712582311008578	181.98	190	-30.4	13.397	13.397	0	66.1891479385801	12	0.228776440392883	0.000274700945577445
0.0721904102087913	181.98	190	-30.4	13.397	13.397	0	66.831098191873	12	0.228776440392883	0.000276328094737876
0.0722755070751037	181.98	190	-30.4	13.397	13.397	0	67.5432215232159	12	0.228776440392883	0.000284598523612332
0.0719764284791359	181.98	190	-30.4	13.397	13.397	0	69.82254690512	12	0.228776440392883	0.00032319339635299
0.0691218704021138	181.98	190	-30.4	13.397	13.397	0	66.6706050569699	12	0.228776440392883	0.000349141674429382
0.0716904336549303	181.98	190	-30.4	13.397	13.397	0	67.254761108405	12	0.228776440392883	0.000285181760047363
0.0718865271104029	181.98	190	-30.4	13.397	13.397	0	67.7457296945512	12	0.228776440392883	0.000290214091021644
0.0716228168588246	181.98	190	-30.4	13.397	13.397	0	67.5432001748721	12	0.228776440392883	0.000290499809804681
0.0715852906884906	181.98	190	-30.4	13.397	13.397	0	66.9299551168789	12	0.228776440392883	0.000281611945017732
0.0713344010847074	181.98	190	-30.4	13.397	13.397	0	67.6309870321696	12	0.228776440392883	0.000296871029450539
0.0714299167114463	181.98	190	-30.4	13.397	13.397	0	66.3388486030143	12	0.228776440392883	0.000274781897031741
0.071396864914019	181.98	190	-30.4	13.397	13.397	0	66.6760303888761	12	0.228776440392883	0.000280204748737136
0.0715178520823805	181.98	190	-30.4	13.397	13.397	0	67.2530475086869	12	0.228776440392883	0.00028744962214229
0.0711079277397341	181.98	190	-30.4	13.397	13.397	0	66.5694996661706	12	0.228776440392883	0.000283042345884973
0.0723650050929712	181.98	190	-30.4	13.397	13.397	0	66.465840068812	12	0.228776440392883	0.000272717850940101
0.0716471992730616	181.98	190	-30.4	13.397	13.397	0	67.2357219817713	12	0.228776440392883	0.000285423562571224
0.0719569507738275	181.98	190	-30.4	13.397	13.397	0	67.8424244846455	12	0.228776440392883	0.000290875018883265
0.0722001333222043	181.98	190	-30.4	13.397	13.397	0	67.3442960012164	12	0.228776440392883	0.000282406770086446
0.0713277832579779	181.98	190	-30.4	13.397	13.397	0	66.1592194226009	12	0.228776440392883	0.000273372178694184
0.0718600270191794	181.98	190	-30.4	13.397	13.397	0	66.6334183141773	12	0.228776440392883	0.000275088027818219
0.0714966191614525	181.98	190	-30.4	13.397	13.397	0	66.9322514005224	12	0.228776440392883	0.000282768276270396
0.0717146265182816	181.98	190	-30.4	13.397	13.397	0	67.4774746729091	12	0.228776440392883	0.000288235578177573
0.0721191626959496	181.98	190	-30.4	13.397	13.397	0	66.7196167192652	12	0.228776440392883	0.000275153058071422
0.0716795891081914	181.98	190	-30.4	13.397	13.397	0	67.8153075071776	12	0.228776440392883	0.000293994813481276
0.0719767352186388	181.98	190	-30.4	13.397	13.397	0	67.4102995909917	12	0.228776440392883	0.000284568329553161
0.0725742154534043	181.98	190	-30.4	13.397	13.397	0	66.5066021046277	12	0.228776440392883	0.000274288709508045
0.071139356255611	181.98	190	-30.4	13.397	13.397	0	68.9174769796726	12	0.228776440392883	0.000326216030333095
0.0718588397757955	181.98	190	-30.4	13.397	13.397	0	67.4068634624807	12	0.228776440392883	0.000285569143297404
0.07133602417534	181.98	190	-30.4	13.397	13.397	0	66.7658692661436	12	0.228776440392883	0.000282474205150406
0.0715207075142341	181.98	190	-30.4	13.397	13.397	0	66.686785938682	12	0.228776440392883	0.000278794201272667
0.0700148352803433	181.98	190	-30.4	13.397	13.397	0	65.5747354267002	12	0.228776440392883	0.000290365804547243
0.0712860624922269	181.98	190	-30.4	13.397	13.397	0	66.7850305739983	12	0.228776440392883	0.000283555950951925
0.0717860480158308	181.98	190	-30.4	13.397	13.397	0	67.8272188128891	12	0.228776440392883	0.000292679224330085
0.0714281604969312	181.98	190	-30.4	13.397	13.397	0	65.1506281097413	12	0.228776440392883	0.000259073634850534
0.0725224389867176	181.98	190	-30.4	13.397	13.397	0	67.3227067256103	12	0.228776440392883	0.000281893652316669
0.0715141968736438	181.98	190	-30.4	13.397	13.397	0	66.3217160783615	12	0.228776440392883	0.000273641569448064
0.0721972359025501	181.98	190	-30.4	13.397	13.397	0	66.3552950923576	12	0.228776440392883	0.000271147637389752
0.0713559457928567	181.98	190	-30.4	13.397	13.397	0	66.0042885828627	12	0.228776440392883	0.000270821885581772
0.0717197596150769	181.98	190	-30.4	13.397	13.397	0	67.5538763940276	12	0.228776440392883	0.000289335712074121
0.0711598124514345	181.98	190	-30.4	13.397	13.397	0	67.318864471089	12	0.228776440392883	0.000294894263682265
0.0713222247384901	181.98	190	-30.4	13.397	13.397	0	67.979111787064	12	0.228776440392883	0.000303318403076346
0.0715614620639569	181.98	190	-30.4	13.397	13.397	0	68.1913245736812	12	0.228776440392883	0.000302265702341003
0.0722512103561794	181.98	190	-30.4	13.397	13.397	0	66.3238486139699	12	0.228776440392883	0.000270941104669427
0.0699438869143528	181.98	190	-30.4	13.397	13.397	0	65.7369032627152	12	0.228776440392883	0.00029578255241113
0.0714051158003219	181.98	190	-30.4	13.397	13.397	0	67.8855709838491	12	0.228776440392883	0.000299938971514059
0.0716230326849079	181.98	190	-30.4	13.397	13.397	0	66.8281837408476	12	0.228776440392883	0.000279697883736822
0.0716355708871371	181.98	190	-30.4	13.397	13.397	0	68.0380894456829	12	0.228776440392883	0.000298338524095514
0.0720135237256744	181.98	190	-30.4	13.397	13.397	0	68.3340399926959	12	0.228776440392883	0.00029759632703792
0.0718641765282772	181.98	190	-30.4	13.397	13.397	0	67.0730570326238	12	0.228776440392883	0.000280859445804003
0.0726115131554246	181.98	190	-30.4	13.397	13.397	0	67.3231259322226	12	0.228776440392883	0.000282157415183448
0.0715984724219297	181.98	190	-30.4	13.397	13.397	0	66.8681365209147	12	0.228776440392883	0.000280549427026992
0.0716991601956452	181.98	190	-30.4	13.397	13.397	0	68.442420404027	12	0.228776440392883	0.00030407003995152
0.0723005109262528	181.98	190	-30.4	13.397	13.397	0	67.43175006009	12	0.228776440392883	0.000283165038435777
0.0711214850522679	181.98	190	-30.4	13.397	13.397	0	66.8052990966941	12	0.228776440392883	0.00028674458797863
0.0698527174471061	181.98	190	-30.4	13.397	13.397	0	66.301523451864	12	0.228776440392883	0.000310885866901265
0.0720407822284229	181.98	190	-30.4	13.397	13.397	0	67.4462032090243	12	0.228776440392883	0.000284577528192704
0.0717798977910366	181.98	190	-30.4	13.397	13.397	0	66.5698804460361	12	0.228776440392883	0.000274771923975143
0.0718688181380936	181.98	190	-30.4	13.397	13.397	0	69.1097727936496	12	0.228776440392883	0.000312538924430103
0.0725744923120651	181.98	190	-30.4	13.397	13.397	0	67.6326569365484	12	0.228776440392883	0.000285324462300124
0.0716466681802622	181.98	190	-30.4	13.397	13.397	0	66.9541042240207	12	0.228776440392883	0.0002812613336328
0.0713113714723398	181.98	190	-30.4	13.397	13.397	0	69.0974011881453	12	0.228776440392883	0.000325076865723541
0.0707324048009008	181.98	190	-30.4	13.397	13.397	0	66.898838584407	12	0.228776440392883	0.000296947382235494
0.0724329173755013	181.98	190	-30.4	13.397	13.397	0	67.4824091465333	12	0.228776440392883	0.000283573554542769
0.0718288093630227	181.98	190	-30.4	13.397	13.397	0	67.7552413366772	12	0.228776440392883	0.000291031474288869
0.0715390313968516	181.98	190	-30.4	13.397	13.397	0	66.4885974725431	12	0.228776440392883	0.000275736183628478
0.0716947127479362	181.98	190	-30.4	13.397	13.397	0	66.7985866042551	12	0.228776440392883	0.000278553991466457
0.0700267060167738	181.98	190	-30.4	13.397	13.397	0	66.0279546034452	12	0.228776440392883	0.000299298430757433
0.0716338397009434	181.98	190	-30.4	13.397	13.397	0	67.5535409096174	12	0.228776440392883	0.000290504027721382
0.0717091539608362	181.98	190	-30.4	13.397	13.397	0	67.214280780745	12	0.228776440392883	0.000284364986497153
0.0715342039453814	181.98	190	-30.4	13.397	13.397	0	68.1178866598589	12	0.228776440392883	0.000301504663579168
0.0725044192497467	181.98	190	-30.4	13.397	13.397	0	67.5531692241808	12	0.228776440392883	0.000284378718234703
0.0721638919632397	181.98	190	-30.4	13.397	13.397	0	68.7349160754125	12	0.228776440392883	0.000301938247304355
0.0709803878730402	181.98	190	-30.4	13.397	13.397	0	68.8483441669308	12	0.228776440392883	0.000329519702486742
0.071139053364481	181.98	190	-30.4	13.397	13.397	0	66.7598652720919	12	0.228776440392883	0.000285655157352353
0.0716621591246647	181.98	190	-30.4	13.397	13.397	0	68.5622914271252	12	0.228776440392883	0.000306830015210939
0.0718303409362508	181.98	190	-30.4	13.397	13.397	0	67.3085350811925	12	0.228776440392883	0.000284445372401062
0.0720158278549284	181.98	190	-30.4	13.397	13.397	0	67.3047034016523	12	0.228776440392883	0.000282858589229589
0.071688407270876	181.98	190	-30.4	13.397	13.397	0	67.3950560280479	12	0.228776440392883	0.000287315500759818
0.0711386519220776	181.98	190	-30.4	13.397	13.397	0	66.7881957140549	12	0.228776440392883	0.000286138205394211
0.0721112688862116	181.98	190	-30.4	13.397	13.397	0	66.2738266481642	12	0.228776440392883	0.000270202349352489
0.0724822015903098	181.98	190	-30.4	13.397	13.397	0	67.2102664055114	12	0.228776440392883	0.000280619427346109
0.0722540732438122	181.98	190	-30.4	13.397	13.397	0	67.8726365562843	12	0.228776440392883	0.000288899104384049
0.0720050584295993	181.98	190	-30.4	13.397	13.397	0	68.8994574730543	12	0.228776440392883	0.000306678245565752
0.0710974466695297	181.98	190	-30.4	13.397	13.397	0	67.0030394351869	12	0.228776440392883	0.000290609924235668
0.0721053136675979	181.98	190	-30.4	13.397	13.397	0	66.872612100064	12	0.228776440392883	0.000276982182663241
0.0718044187669175	181.98	190	-30.4	13.397	13.397	0	66.8220532879859	12	0.228776440392883	0.000277934533300897
0.0724761530105999	181.98	190	-30.4	13.397	13.397	0	67.622998454713	12	0.228776440392883	0.000285166091793914
0.07190700622152	181.98	190	-30.4	13.397	13.397	0	66.9845815794295	12	0.228776440392883	0.000279353322246648
0.0721065105370979	181.98	190	-30.4	13.397	13.397	0	67.0377286874174	12	0.228776440392883	0.000278976504107407
