0.0719784279165929	181.98	190	-30.4	13.397	13.397	0	65.0424459102436	12	0.228776440392883	0.000257845680932168
0.0712458589508866	181.98	190	-30.4	13.397	13.397	0	65.0036798683378	12	0.228776440392883	0.000258398501652087
0.0714391419003942	181.98	190	-30.4	13.397	13.397	0	64.9836603275935	12	0.228776440392883	0.000257051547596957
0.0718379773669724	181.98	190	-30.4	13.397	13.397	0	65.1887242658575	12	0.228776440392883	0.000258758008865358
0.0715282340694808	181.98	190	-30.4	13.397	13.397	0	64.9342408238358	12	0.228776440392883	0.000256208888839099
0.0713233697469165	181.98	190	-30.4	13.397	13.397	0	65.0315187470721	12	0.228776440392883	0.000258220051132386
0.0715076035687259	181.98	190	-30.4	13.397	13.397	0	64.9833038837666	12	0.228776440392883	0.000256808682695986
0.0715003204890581	181.98	190	-30.4	13.397	13.397	0	65.0747008702543	12	0.228776440392883	0.000257869615995751
0.0718787560734413	181.98	190	-30.4	13.397	13.397	0	65.154691617911	12	0.228776440392883	0.000258510557829381
0.0714980426758057	181.98	190	-30.4	13.397	13.397	0	64.9858175088573	12	0.228776440392883	0.000256865688058385
0.0713797051741027	181.98	190	-30.4	13.397	13.397	0	64.9963130525577	12	0.228776440392883	0.00025747324035078
0.071771646291216	181.98	190	-30.4	13.397	13.397	0	65.1819506786469	12	0.228776440392883	0.000258619934645438
0.0712688864335496	181.98	190	-30.4	13.397	13.397	0	65.0887577445378	12	0.228776440392883	0.000259309085666092
0.0715367608021684	181.98	190	-30.4	13.397	13.397	0	64.8245328461162	12	0.228776440392883	0.000254998639599879
0.0719211591747775	181.98	190	-30.4	13.397	13.397	0	65.1612964272393	12	0.228776440392883	0.000258694281600799
0.0716565183780364	181.98	190	-30.4	13.397	13.397	0	65.1879385609031	12	0.228776440392883	0.000258740929049424
0.0718049092168954	181.98	190	-30.4	13.397	13.397	0	65.1642179162423	12	0.228776440392883	0.000258468270588145
0.0715935992186045	181.98	190	-30.4	13.397	13.397	0	65.2396916063003	12	0.228776440392883	0.000259451643103928
0.0715111366211444	181.98	190	-30.4	13.397	13.397	0	65.0167421892736	12	0.228776440392883	0.000257174727924902
0.07139174267839	181.98	190	-30.4	13.397	13.397	0	65.0655845965577	12	0.228776440392883	0.000258241100379583
0.0716095577512362	181.98	190	-30.4	13.397	13.397	0	65.1277113942091	12	0.228776440392883	0.000258164323047937
0.071611043477957	181.98	190	-30.4	13.397	13.397	0	65.1811017657493	12	0.228776440392883	0.000258750834787184
0.0713517111268226	181.98	190	-30.4	13.397	13.397	0	65.0223851138331	12	0.228776440392883	0.000257938997352515
0.0711640117064383	181.98	190	-30.4	13.397	13.397	0	64.9842712570667	12	0.228776440392883	0.000258800478341684
0.0716608963672377	181.98	190	-30.4	13.397	13.397	0	64.895183146079	12	0.228776440392883	0.000255651369389359
0.0717043604470878	181.98	190	-30.4	13.397	13.397	0	65.0892070842859	12	0.228776440392883	0.00025765168797319
0.071566020517614	181.98	190	-30.4	13.397	13.397	0	64.9880126539181	12	0.228776440392883	0.000256718589923413
0.0716506222483661	181.98	190	-30.4	13.397	13.397	0	64.8709175184875	12	0.228776440392883	0.00025540192799997
0.071603207277721	181.98	190	-30.4	13.397	13.397	0	65.0182808097	12	0.228776440392883	0.000256983293988833
0.0714519530524205	181.98	190	-30.4	13.397	13.397	0	64.9894909146883	12	0.228776440392883	0.000257068186311184
0.0715262290616993	181.98	190	-30.4	13.397	13.397	0	65.1071416284007	12	0.228776440392883	0.00025815246223237
0.0714736023711422	181.98	190	-30.4	13.397	13.397	0	65.0304496163803	12	0.228776440392883	0.00025745810341855
0.0716672350209059	181.98	190	-30.4	13.397	13.397	0	65.0667775251781	12	0.228776440392883	0.000257431889356995
0.0717917395216514	181.98	190	-30.4	13.397	13.397	0	65.1369114173702	12	0.228776440392883	0.000258179822111978
0.0716177146377986	181.98	190	-30.4	13.397	13.397	0	64.9019946193235	12	0.228776440392883	0.000255731710765372
0.0717278478267283	181.98	190	-30.4	13.397	13.397	0	65.2005321511378	12	0.228776440392883	0.000258809348951416
0.0719528008431605	181.98	190	-30.4	13.397	13.397	0	65.0315393810454	12	0.228776440392883	0.000257629337171222
0.0714805931435987	181.98	190	-30.4	13.397	13.397	0	65.0032467316063	12	0.228776440392883	0.000257120886476605
0.0715194241191845	181.98	190	-30.4	13.397	13.397	0	64.9850976277929	12	0.228776440392883	0.000256795451858789
0.071641018182076	181.98	190	-30.4	13.397	13.397	0	65.0509175832366	12	0.228776440392883	0.000257285829074974
0.0716556721632848	181.98	190	-30.4	13.397	13.397	0	64.9175116076482	12	0.228776440392883	0.000255880138838721
0.071679419813744	181.98	190	-30.4	13.397	13.397	0	64.986631610694	12	0.228776440392883	0.000256591562605044
0.0714996108939042	181.98	190	-30.4	13.397	13.397	0	65.0273195389912	12	0.228776440392883	0.000257330976013841
0.0716088235824264	181.98	190	-30.4	13.397	13.397	0	65.1993094080873	12	0.228776440392883	0.000258958441879076
0.0712257891285246	181.98	190	-30.4	13.397	13.397	0	65.0257977766141	12	0.228776440392883	0.000258832504344223
0.0718795996007941	181.98	190	-30.4	13.397	13.397	0	64.932305424168	12	0.228776440392883	0.000256434496385917
0.0714172490211909	181.98	190	-30.4	13.397	13.397	0	65.1138116898825	12	0.228776440392883	0.000258687672982442
0.071491800882614	181.98	190	-30.4	13.397	13.397	0	65.0725876359051	12	0.228776440392883	0.000257875947026579
0.0715635517115384	181.98	190	-30.4	13.397	13.397	0	64.922914857801	12	0.228776440392883	0.000256015526305946
0.0715063968810967	181.98	190	-30.4	13.397	13.397	0	65.055068516293	12	0.228776440392883	0.000257624411844597
0.0717588232851008	181.98	190	-30.4	13.397	13.397	0	65.1638402722517	12	0.228776440392883	0.000258428756163329
0.071651215441436	181.98	190	-30.4	13.397	13.397	0	65.1089654463771	12	0.228776440392883	0.000257895379943988
0.071659886995594	181.98	190	-30.4	13.397	13.397	0	64.9246450265903	12	0.228776440392883	0.00025595340683513
0.0712165218624173	181.98	190	-30.4	13.397	13.397	0	64.9860745237454	12	0.228776440392883	0.000258395580632856
0.0715171148924167	181.98	190	-30.4	13.397	13.397	0	65.0333623327501	12	0.228776440392883	0.000257344234864166
0.0715339633871568	181.98	190	-30.4	13.397	13.397	0	65.0512032706095	12	0.228776440392883	0.00025749581922221
0.0716718597594253	181.98	190	-30.4	13.397	13.397	0	65.1513474463596	12	0.228776440392883	0.000258326766335088
0.0715224412376868	181.98	190	-30.4	13.397	13.397	0	65.1697606055758	12	0.228776440392883	0.000258883986486671
0.0715880120462893	181.98	190	-30.4	13.397	13.397	0	65.1067346555161	12	0.228776440392883	0.000257978222495729
0.0714499077642851	181.98	190	-30.4	13.397	13.397	0	65.0166820719644	12	0.228776440392883	0.000257391208177657
0.0719690160229826	181.98	190	-30.4	13.397	13.397	0	65.0521971084341	12	0.228776440392883	0.000257887068806668
0.0718416452457565	181.98	190	-30.4	13.397	13.397	0	65.2727726526275	12	0.228776440392883	0.000259600521346131
0.0711839535858697	181.98	190	-30.4	13.397	13.397	0	64.993615936388	12	0.228776440392883	0.00025875391109479
0.0715566917581487	181.98	190	-30.4	13.397	13.397	0	65.2244344928384	12	0.228776440392883	0.000259392744037614
0.0714796753814293	181.98	190	-30.4	13.397	13.397	0	64.8027455904152	12	0.228776440392883	0.000254875360662979
0.0716139614421477	181.98	190	-30.4	13.397	13.397	0	65.2209280540879	12	0.228776440392883	0.000259187349476837
0.0714122620050554	181.98	190	-30.4	13.397	13.397	0	65.0544874489055	12	0.228776440392883	0.000258003999506967
0.0718361126307557	181.98	190	-30.4	13.397	13.397	0	65.0420857752546	12	0.228776440392883	0.000257327261835914
0.0713099553655509	181.98	190	-30.4	13.397	13.397	0	64.9624287951578	12	0.228776440392883	0.00025745386287118
0.0716321234548362	181.98	190	-30.4	13.397	13.397	0	64.9146187479632	12	0.228776440392883	0.000255855956547888
0.0714283827162692	181.98	190	-30.4	13.397	13.397	0	65.0340372562213	12	0.228776440392883	0.000257686314760129
0.0715215279975321	181.98	190	-30.4	13.397	13.397	0	65.0187437085443	12	0.228776440392883	0.000257166584521884
0.0717492240777812	181.98	190	-30.4	13.397	13.397	0	65.1895474160526	12	0.228776440392883	0.000258691727508628
0.0715766906823812	181.98	190	-30.4	13.397	13.397	0	65.1466669179767	12	0.228776440392883	0.000258450389062473
0.0717460366703879	181.98	190	-30.4	13.397	13.397	0	64.9345936045864	12	0.228776440392883	0.000256113149690914
0.0713613066167982	181.98	190	-30.4	13.397	13.397	0	65.1008448944291	12	0.228776440392883	0.000258840766423878
0.0715659844796939	181.98	190	-30.4	13.397	13.397	0	64.9638546368983	12	0.228776440392883	0.000256455208098214
0.0715492474358372	181.98	190	-30.4	13.397	13.397	0	64.988124249117	12	0.228776440392883	0.000256755003293093
0.0714940695683304	181.98	190	-30.4	13.397	13.397	0	64.9991604285814	12	0.228776440392883	0.000257029230354997
0.0716540176461945	181.98	190	-30.4	13.397	13.397	0	65.1544220686541	12	0.228776440392883	0.000258381298345805
0.0714042119926899	181.98	190	-30.4	13.397	13.397	0	64.9685672890811	12	0.228776440392883	0.000257025811340281
0.0716452080565041	181.98	190	-30.4	13.397	13.397	0	64.8990967951875	12	0.228776440392883	0.000255691338502542
0.0713526734156184	181.98	190	-30.4	13.397	13.397	0	64.9470468208696	12	0.228776440392883	0.000257024346813275
0.0714534602120466	181.98	190	-30.4	13.397	13.397	0	64.928189067766	12	0.228776440392883	0.000256358959875223
0.07179342733809	181.98	190	-30.4	13.397	13.397	0	65.2801821609861	12	0.228776440392883	0.000259638403806752
0.0714514895041693	181.98	190	-30.4	13.397	13.397	0	65.1205286092096	12	0.228776440392883	0.000258601471161429
0.0718348811150123	181.98	190	-30.4	13.397	13.397	0	65.0039076274436	12	0.228776440392883	0.000256959907936364
0.0713471266033018	181.98	190	-30.4	13.397	13.397	0	65.0159119240214	12	0.228776440392883	0.000257886598998177
0.0713970677988093	181.98	190	-30.4	13.397	13.397	0	64.9946251376463	12	0.228776440392883	0.000257366926978971
0.0715122157724982	181.98	190	-30.4	13.397	13.397	0	64.9690583625626	12	0.228776440392883	0.000256635935368423
0.0714651493965712	181.98	190	-30.4	13.397	13.397	0	65.0995660013705	12	0.228776440392883	0.000258294473109576
0.0716935742864996	181.98	190	-30.4	13.397	13.397	0	65.1219229294821	12	0.228776440392883	0.000257997525433202
0.0713219190861808	181.98	190	-30.4	13.397	13.397	0	65.012497543905	12	0.228776440392883	0.000257994964493572
0.0719570472699395	181.98	190	-30.4	13.397	13.397	0	65.0505209307782	12	0.228776440392883	0.000257817719617978
0.0717901205632813	181.98	190	-30.4	13.397	13.397	0	65.2187411882144	12	0.228776440392883	0.000259006217572129
0.0714346035633466	181.98	190	-30.4	13.397	13.397	0	64.9402607683255	12	0.228776440392883	0.000256567491873155
0.0717503393739142	181.98	190	-30.4	13.397	13.397	0	65.234738599282	12	0.228776440392883	0.000259162221995524
0.071516698709658	181.98	190	-30.4	13.397	13.397	0	65.0264036066405	12	0.228776440392883	0.000257266966825513
0.0717025744822596	181.98	190	-30.4	13.397	13.397	0	65.1036467171295	12	0.228776440392883	0.00025780248285131
0.0715103290181079	181.98	190	-30.4	13.397	13.397	0	65.0043984165611	12	0.228776440392883	0.000257037967744125
0.0715815389502003	181.98	190	-30.4	13.397	13.397	0	65.0237791624632	12	0.228776440392883	0.000257079586813484
0.0716541799471948	181.98	190	-30.4	13.397	13.397	0	65.1452636268822	12	0.228776440392883	0.000258282188345299
0.071363967816935	181.98	190	-30.4	13.397	13.397	0	64.9667164770269	12	0.228776440392883	0.000257200594063444
0.0714668719753902	181.98	190	-30.4	13.397	13.397	0	65.0936343182826	12	0.228776440392883	0.000258217824917852
0.071521738828871	181.98	190	-30.4	13.397	13.397	0	65.0548414717234	12	0.228776440392883	0.000257572884121965
0.0717471177081254	181.98	190	-30.4	13.397	13.397	0	65.2473233367507	12	0.228776440392883	0.00025929478656937
0.0715643500162763	181.98	190	-30.4	13.397	13.397	0	65.0348975932152	12	0.228776440392883	0.000257237119455322
0.0713589392784402	181.98	190	-30.4	13.397	13.397	0	65.0193724060652	12	0.228776440392883	0.000257861630512575
0.0714539988680455	181.98	190	-30.4	13.397	13.397	0	65.0654709604661	12	0.228776440392883	0.000257942877581973
0.0717301241814851	181.98	190	-30.4	13.397	13.397	0	65.1338553683447	12	0.228776440392883	0.000258113592152698
0.0714710847658249	181.98	190	-30.4	13.397	13.397	0	65.0884692776173	12	0.228776440392883	0.000258140117637797
0.0718349100510952	181.98	190	-30.4	13.397	13.397	0	65.2223756125678	12	0.228776440392883	0.000259087497466318
0.0715490099098427	181.98	190	-30.4	13.397	13.397	0	65.0301294894234	12	0.228776440392883	0.000257220413377018
0.0717170005637099	181.98	190	-30.4	13.397	13.397	0	65.1413822731677	12	0.228776440392883	0.000258192954568018
0.0716079366239121	181.98	190	-30.4	13.397	13.397	0	65.2427785616842	12	0.228776440392883	0.00025944727769914
0.0715505026388009	181.98	190	-30.4	13.397	13.397	0	65.0103209521831	12	0.228776440392883	0.000256997215767562
0.0715560874422909	181.98	190	-30.4	13.397	13.397	0	65.2576587007695	12	0.228776440392883	0.000259777455301137
0.0717020016831869	181.98	190	-30.4	13.397	13.397	0	65.1330192035092	12	0.228776440392883	0.000258110227788156
0.0715356915629192	181.98	190	-30.4	13.397	13.397	0	64.9969909904719	12	0.228776440392883	0.000256885366481818
0.0719442990831555	181.98	190	-30.4	13.397	13.397	0	64.9971358290475	12	0.228776440392883	0.000257284786144826
0.071931184418808	181.98	190	-30.4	13.397	13.397	0	65.016799707264	12	0.228776440392883	0.000257403728409831
0.0714288520754075	181.98	190	-30.4	13.397	13.397	0	65.0796740783019	12	0.228776440392883	0.000258223279546177
0.0713342400515129	181.98	190	-30.4	13.397	13.397	0	65.0158118002353	12	0.228776440392883	0.000257960924813805
0.0717182776955609	181.98	190	-30.4	13.397	13.397	0	65.1350534241881	12	0.228776440392883	0.000258126705183466
0.0715538303105371	181.98	190	-30.4	13.397	13.397	0	65.1669446175322	12	0.228776440392883	0.000258745131449741
0.0716277864610444	181.98	190	-30.4	13.397	13.397	0	64.9774141149895	12	0.228776440392883	0.000256517862843676
0.071234797811549	181.98	190	-30.4	13.397	13.397	0	64.9230131808059	12	0.228776440392883	0.000257460408360167
0.0714961232922087	181.98	190	-30.4	13.397	13.397	0	65.0186784234202	12	0.228776440392883	0.000257244190483959
0.071490282055764	181.98	190	-30.4	13.397	13.397	0	65.0298363440572	12	0.228776440392883	0.000257391097763309
0.0715063072305329	181.98	190	-30.4	13.397	13.397	0	65.0032928217485	12	0.228776440392883	0.00025703761802883
0.0713842041391991	181.98	190	-30.4	13.397	13.397	0	64.9067313863091	12	0.228776440392883	0.000256390675682
0.071342100093165	181.98	190	-30.4	13.397	13.397	0	64.8920016202656	12	0.228776440392883	0.000256421448061617
0.0716789144521373	181.98	190	-30.4	13.397	13.397	0	65.2245560254252	12	0.228776440392883	0.000259106427108468
0.0715071633606105	181.98	190	-30.4	13.397	13.397	0	65.0181450813805	12	0.228776440392883	0.000257202783758642
0.0714385859165766	181.98	190	-30.4	13.397	13.397	0	65.0565678541055	12	0.228776440392883	0.000257905594190291
0.0711389171762015	181.98	190	-30.4	13.397	13.397	0	64.9229003822472	12	0.228776440392883	0.000258214567740414
0.0713372183136903	181.98	190	-30.4	13.397	13.397	0	64.8911108438342	12	0.228776440392883	0.000256436277843854
0.0715064397680706	181.98	190	-30.4	13.397	13.397	0	64.95736580846	12	0.228776440392883	0.000256521211406278
0.0715582765831289	181.98	190	-30.4	13.397	13.397	0	65.0549620939331	12	0.228776440392883	0.000257473590747256
0.0716578022861925	181.98	190	-30.4	13.397	13.397	0	65.0958544511747	12	0.228776440392883	0.000257748081851367
0.071525793522431	181.98	190	-30.4	13.397	13.397	0	65.051380566432	12	0.228776440392883	0.00025752155332604
0.0713606920005272	181.98	190	-30.4	13.397	13.397	0	64.9565946271373	12	0.228776440392883	0.000257096546554985
0.0715314951248921	181.98	190	-30.4	13.397	13.397	0	64.993250839844	12	0.228776440392883	0.00025685443711176
0.071540486467802	181.98	190	-30.4	13.397	13.397	0	65.017619773132	12	0.228776440392883	0.000257102666046228
0.0717222300888947	181.98	190	-30.4	13.397	13.397	0	65.2366193470374	12	0.228776440392883	0.000259193221320045
0.0715393830135508	181.98	190	-30.4	13.397	13.397	0	65.0253947754145	12	0.228776440392883	0.000257192139196724
0.0715215235488788	181.98	190	-30.4	13.397	13.397	0	65.0461550717131	12	0.228776440392883	0.000257475366686931
0.0716327298948111	181.98	190	-30.4	13.397	13.397	0	65.0626820474737	12	0.228776440392883	0.000257420978879566
0.0714997296325351	181.98	190	-30.4	13.397	13.397	0	65.1938724393047	12	0.228776440392883	0.000259253567467885
0.0716427807494732	181.98	190	-30.4	13.397	13.397	0	65.0701600578808	12	0.228776440392883	0.000257489367896523
0.0716241882917805	181.98	190	-30.4	13.397	13.397	0	65.1231874458008	12	0.228776440392883	0.000258087922230574
0.0717450797406898	181.98	190	-30.4	13.397	13.397	0	65.1454344326463	12	0.228776440392883	0.00025823530998591
0.071843770349226	181.98	190	-30.4	13.397	13.397	0	65.1770557068446	12	0.228776440392883	0.00025865281887693
0.0716367520823582	181.98	190	-30.4	13.397	13.397	0	65.1524265081023	12	0.228776440392883	0.000258385611203177
0.0712744772305441	181.98	190	-30.4	13.397	13.397	0	65.0593940666591	12	0.228776440392883	0.000258895785845859
0.0711748080766268	181.98	190	-30.4	13.397	13.397	0	65.1462334205257	12	0.228776440392883	0.000260843247729382
0.071445178399422	181.98	190	-30.4	13.397	13.397	0	65.0402517556351	12	0.228776440392883	0.000257685535928157
0.0716000696260405	181.98	190	-30.4	13.397	13.397	0	65.1030761504382	12	0.228776440392883	0.00025791240663204
0.0717214409059469	181.98	190	-30.4	13.397	13.397	0	65.2245512185511	12	0.228776440392883	0.00025906575543103
0.0716986671869614	181.98	190	-30.4	13.397	13.397	0	65.1527986721109	12	0.228776440392883	0.000258320274766149
0.0715654940085816	181.98	190	-30.4	13.397	13.397	0	64.8123242031087	12	0.228776440392883	0.00025483147944927
0.0719229829421277	181.98	190	-30.4	13.397	13.397	0	64.9948004524694	12	0.228776440392883	0.000257171493709568
0.0716268143064118	181.98	190	-30.4	13.397	13.397	0	65.0876262318739	12	0.228776440392883	0.000257697627609624
0.07131466582413	181.98	190	-30.4	13.397	13.397	0	64.9980358996772	12	0.228776440392883	0.000257861958893708
0.0716698109397329	181.98	190	-30.4	13.397	13.397	0	65.1370200584629	12	0.228776440392883	0.000258175618470375
0.0717461686557583	181.98	190	-30.4	13.397	13.397	0	65.0157181658456	12	0.228776440392883	0.000256918679692104
0.0716701536982703	181.98	190	-30.4	13.397	13.397	0	65.130126037438	12	0.228776440392883	0.000258101670397378
0.0715768099545334	181.98	190	-30.4	13.397	13.397	0	64.9921333755511	12	0.228776440392883	0.000256743289281258
0.0716140412390085	181.98	190	-30.4	13.397	13.397	0	65.0146155730493	12	0.228776440392883	0.000256928808728209
0.0714823423472285	181.98	190	-30.4	13.397	13.397	0	65.1098211971655	12	0.228776440392883	0.000258343141089528
0.0719624890188859	181.98	190	-30.4	13.397	13.397	0	65.0516241623462	12	0.228776440392883	0.00025785200257637
0.0717321454912516	181.98	190	-30.4	13.397	13.397	0	65.1906629320847	12	0.228776440392883	0.000258704636353794
0.07152552659016	181.98	190	-30.4	13.397	13.397	0	65.00269531588	12	0.228776440392883	0.000256975547457581
0.0716214316589683	181.98	190	-30.4	13.397	13.397	0	65.1091313134637	12	0.228776440392883	0.000257939419249321
0.0718493460988625	181.98	190	-30.4	13.397	13.397	0	65.1237492858769	12	0.228776440392883	0.000258143813015689
0.0715681809475129	181.98	190	-30.4	13.397	13.397	0	65.1746327833791	12	0.228776440392883	0.000258788942790548
0.0717119917148426	181.98	190	-30.4	13.397	13.397	0	64.9367484285965	12	0.228776440392883	0.000256096898967237
0.0714793236649732	181.98	190	-30.4	13.397	13.397	0	64.8051873542409	12	0.228776440392883	0.000254903087558357
0.0719585482883249	181.98	190	-30.4	13.397	13.397	0	65.0547114023098	12	0.228776440392883	0.000257861840814444
0.0718607968004122	181.98	190	-30.4	13.397	13.397	0	65.1029515511527	12	0.228776440392883	0.000257970096557753
0.0717768589237665	181.98	190	-30.4	13.397	13.397	0	65.1858825225988	12	0.228776440392883	0.000258662904497542
0.0714415449786936	181.98	190	-30.4	13.397	13.397	0	65.0640889753563	12	0.228776440392883	0.000257980856604382
0.0716830939444932	181.98	190	-30.4	13.397	13.397	0	65.0310035358071	12	0.228776440392883	0.000257050487129092
0.0714019783927132	181.98	190	-30.4	13.397	13.397	0	65.0939071119295	12	0.228776440392883	0.000258527852113892
0.0715384888116489	181.98	190	-30.4	13.397	13.397	0	65.1524772031359	12	0.228776440392883	0.000258629515995133
0.0716664906249773	181.98	190	-30.4	13.397	13.397	0	65.1293673139709	12	0.228776440392883	0.000258097180123883
0.0716386425790777	181.98	190	-30.4	13.397	13.397	0	65.0482466183853	12	0.228776440392883	0.000257259814102821
0.0714925515211485	181.98	190	-30.4	13.397	13.397	0	65.0762562265611	12	0.228776440392883	0.000257915424880783
0.0717522704863477	181.98	190	-30.4	13.397	13.397	0	65.1773559584224	12	0.228776440392883	0.000258565999463119
0.0717318822622034	181.98	190	-30.4	13.397	13.397	0	65.3000065037767	12	0.228776440392883	0.000259861482758138
0.0717794075587863	181.98	190	-30.4	13.397	13.397	0	65.049836287123	12	0.228776440392883	0.000257297026965716
0.0716304838618951	181.98	190	-30.4	13.397	13.397	0	65.0084039757597	12	0.228776440392883	0.000256843901931561
0.0713782910004399	181.98	190	-30.4	13.397	13.397	0	65.0284228813759	12	0.228776440392883	0.000257865456203461
0.0712545514636107	181.98	190	-30.4	13.397	13.397	0	65.0962877622999	12	0.228776440392883	0.000259513697412383
0.0719113168359886	181.98	190	-30.4	13.397	13.397	0	65.2075498638925	12	0.228776440392883	0.000259101725076058
0.0712818903492748	181.98	190	-30.4	13.397	13.397	0	65.0363283684859	12	0.228776440392883	0.000258552938999476
0.0717368363177412	181.98	190	-30.4	13.397	13.397	0	65.0503457899748	12	0.228776440392883	0.000257260212384219
0.0717130224671762	181.98	190	-30.4	13.397	13.397	0	65.073665167935	12	0.228776440392883	0.000257490410823615
0.0713481430473958	181.98	190	-30.4	13.397	13.397	0	65.0425404426555	12	0.228776440392883	0.000258205226769224
0.0718127060536069	181.98	190	-30.4	13.397	13.397	0	65.2287672465654	12	0.228776440392883	0.000259125817291404
0.071655774817577	181.98	190	-30.4	13.397	13.397	0	64.9151545533963	12	0.228776440392883	0.000255855872537684
0.0713594337693672	181.98	190	-30.4	13.397	13.397	0	64.8915224118187	12	0.228776440392883	0.000256328487519213
0.0711634609130755	181.98	190	-30.4	13.397	13.397	0	64.9941313505507	12	0.228776440392883	0.000258934179040655
0.0714610042992499	181.98	190	-30.4	13.397	13.397	0	65.0043831288392	12	0.228776440392883	0.000257205239749304
0.0715176560474702	181.98	190	-30.4	13.397	13.397	0	65.1083749783298	12	0.228776440392883	0.000258195199422155
0.0714001272881714	181.98	190	-30.4	13.397	13.397	0	65.058447849985	12	0.228776440392883	0.000258111895315278
0.0713802033156678	181.98	190	-30.4	13.397	13.397	0	64.8835575671884	12	0.228776440392883	0.000256137172432281
0.0715112225554924	181.98	190	-30.4	13.397	13.397	0	65.298779291019	12	0.228776440392883	0.000260441325672863
0.0719208018431939	181.98	190	-30.4	13.397	13.397	0	65.1957112210817	12	0.228776440392883	0.000259016939655826
0.071662602019861	181.98	190	-30.4	13.397	13.397	0	65.0553059563422	12	0.228776440392883	0.000257313963609339
0.0720364260896767	181.98	190	-30.4	13.397	13.397	0	65.1045395657756	12	0.228776440392883	0.000258688479111149
0.0714241539999166	181.98	190	-30.4	13.397	13.397	0	65.0443324067296	12	0.228776440392883	0.000257827017596229
0.0716533307715111	181.98	190	-30.4	13.397	13.397	0	65.031996945463	12	0.228776440392883	0.000257074464801878
0.0715550168334496	181.98	190	-30.4	13.397	13.397	0	65.0452356476053	12	0.228776440392883	0.000257373486436556
0.0713468067119844	181.98	190	-30.4	13.397	13.397	0	64.8875855257968	12	0.228776440392883	0.000256344706120932
0.0717585180701813	181.98	190	-30.4	13.397	13.397	0	65.2999666267145	12	0.228776440392883	0.00025984525636045
0.0718818116863888	181.98	190	-30.4	13.397	13.397	0	65.1725564095839	12	0.228776440392883	0.000258689619863448
0.0713516929443438	181.98	190	-30.4	13.397	13.397	0	64.9924269534837	12	0.228776440392883	0.000257575994110188
0.0715206008736446	181.98	190	-30.4	13.397	13.397	0	65.0405719642941	12	0.228776440392883	0.000257415112732655
0.0714504980562439	181.98	190	-30.4	13.397	13.397	0	65.0148613319747	12	0.228776440392883	0.000257367676518725
0.0717140360051527	181.98	190	-30.4	13.397	13.397	0	65.1335033710354	12	0.228776440392883	0.00025811135970591
0.0714434276007924	181.98	190	-30.4	13.397	13.397	0	65.0131982465917	12	0.228776440392883	0.000257377280468982
0.0716974675803717	181.98	190	-30.4	13.397	13.397	0	64.9130944245232	12	0.228776440392883	0.000255848432073215
0.0717757124416625	181.98	190	-30.4	13.397	13.397	0	65.1574477189268	12	0.228776440392883	0.00025837264018259
0.071633305438979	181.98	190	-30.4	13.397	13.397	0	65.1229493756066	12	0.228776440392883	0.000258070537113721
0.0715818524644298	181.98	190	-30.4	13.397	13.397	0	65.0677294696288	12	0.228776440392883	0.00025756102841139
0.0713872825028888	181.98	190	-30.4	13.397	13.397	0	65.0317767258132	12	0.228776440392883	0.00025785856037974
0.071631378610432	181.98	190	-30.4	13.397	13.397	0	65.052823374353	12	0.228776440392883	0.00025731691327933
0.0717151142358324	181.98	190	-30.4	13.397	13.397	0	65.1741340530477	12	0.228776440392883	0.000258536789493551
0.0715253411348242	181.98	190	-30.4	13.397	13.397	0	65.0933391372679	12	0.228776440392883	0.000257998205012412
0.071492619110751	181.98	190	-30.4	13.397	13.397	0	65.0156580347086	12	0.228776440392883	0.000257221451121036
0.0718946476762333	181.98	190	-30.4	13.397	13.397	0	65.1692681849814	12	0.228776440392883	0.000258691277538361
0.0712081964995664	181.98	190	-30.4	13.397	13.397	0	65.0351264679243	12	0.228776440392883	0.000259092751644317
0.071524864070019	181.98	190	-30.4	13.397	13.397	0	64.9948810171765	12	0.228776440392883	0.000256890024851521
0.0717196555400578	181.98	190	-30.4	13.397	13.397	0	65.1356951127977	12	0.228776440392883	0.000258133180868139
0.0715944077828034	181.98	190	-30.4	13.397	13.397	0	65.0238387528922	12	0.228776440392883	0.000257057354235465
0.0715681446827601	181.98	190	-30.4	13.397	13.397	0	64.8194989893785	12	0.228776440392883	0.00025490456468369
0.0713256050203836	181.98	190	-30.4	13.397	13.397	0	65.0371936231228	12	0.228776440392883	0.000258276055754276
0.0717558533521801	181.98	190	-30.4	13.397	13.397	0	65.2190069171305	12	0.228776440392883	0.000258997871299486
0.0714601700592567	181.98	190	-30.4	13.397	13.397	0	64.9161311588683	12	0.228776440392883	0.000256198698830267
0.0713173042696591	181.98	190	-30.4	13.397	13.397	0	64.9559859318231	12	0.228776440392883	0.000257330981479291
0.0716175368383172	181.98	190	-30.4	13.397	13.397	0	65.034670543078	12	0.228776440392883	0.000257139611755307
0.0715137955453257	181.98	190	-30.4	13.397	13.397	0	65.0592745578145	12	0.228776440392883	0.000257648080155741
0.0719809538070711	181.98	190	-30.4	13.397	13.397	0	65.2721620598014	12	0.228776440392883	0.00025993314403059
0.0715204797123881	181.98	190	-30.4	13.397	13.397	0	64.9481151359366	12	0.228776440392883	0.000256380940922591
0.0718999729707069	181.98	190	-30.4	13.397	13.397	0	65.0183723037503	12	0.228776440392883	0.000257296333940367
0.0718119992158423	181.98	190	-30.4	13.397	13.397	0	65.1486449905824	12	0.228776440392883	0.000258321967107381
0.0715146511903385	181.98	190	-30.4	13.397	13.397	0	65.0377503280423	12	0.228776440392883	0.000257401353315701
0.0714552180492455	181.98	190	-30.4	13.397	13.397	0	64.8173454253284	12	0.228776440392883	0.00025510213620884
0.0714396513893058	181.98	190	-30.4	13.397	13.397	0	64.9504571700437	12	0.228776440392883	0.000256665462292321
0.0716041099809638	181.98	190	-30.4	13.397	13.397	0	65.0928525582323	12	0.228776440392883	0.000257792429628634
0.0715422078388125	181.98	190	-30.4	13.397	13.397	0	65.1658491678503	12	0.228776440392883	0.000258770052181623
0.0713037949552725	181.98	190	-30.4	13.397	13.397	0	65.113217026069	12	0.228776440392883	0.000259367278933043
0.0714884547409171	181.98	190	-30.4	13.397	13.397	0	64.9166419943416	12	0.228776440392883	0.000256116426266212
0.0716725170327549	181.98	190	-30.4	13.397	13.397	0	65.034465046219	12	0.228776440392883	0.000257089724303358
0.0716092316661817	181.98	190	-30.4	13.397	13.397	0	64.9914756704574	12	0.228776440392883	0.000256686915758483
0.0716168482902916	181.98	190	-30.4	13.397	13.397	0	65.0498529036353	12	0.228776440392883	0.000257304071472215
0.0720901404401335	181.98	190	-30.4	13.397	13.397	0	64.9856163814852	12	0.228776440392883	0.000258038418454316
0.0714797122419534	181.98	190	-30.4	13.397	13.397	0	65.0909841132895	12	0.228776440392883	0.000258134653563295
0.0714897021315063	181.98	190	-30.4	13.397	13.397	0	64.9463229115621	12	0.228776440392883	0.000256445930096662
0.0715305379001218	181.98	190	-30.4	13.397	13.397	0	65.0044939645749	12	0.228776440392883	0.000256982204607996
0.0716443019275787	181.98	190	-30.4	13.397	13.397	0	65.0965147908803	12	0.228776440392883	0.00025776997985407
0.0715380289632164	181.98	190	-30.4	13.397	13.397	0	65.0517285038638	12	0.228776440392883	0.000257490317329861
0.0714416600197577	181.98	190	-30.4	13.397	13.397	0	65.0553665222394	12	0.228776440392883	0.000257877856496747
0.0714700244551233	181.98	190	-30.4	13.397	13.397	0	65.0020900926304	12	0.228776440392883	0.000257145256666421
0.0715373992061944	181.98	190	-30.4	13.397	13.397	0	65.1154446208925	12	0.228776440392883	0.000258211217561699
0.0716308659570929	181.98	190	-30.4	13.397	13.397	0	64.9959906417734	12	0.228776440392883	0.000256711817281213
0.0716953199444599	181.98	190	-30.4	13.397	13.397	0	65.0613075799291	12	0.228776440392883	0.000257363127111463
0.0713461122741828	181.98	190	-30.4	13.397	13.397	0	65.0787155520265	12	0.228776440392883	0.000258660768689744
0.0715168544507408	181.98	190	-30.4	13.397	13.397	0	65.0350406569873	12	0.228776440392883	0.000257363976328383
0.0715177000018239	181.98	190	-30.4	13.397	13.397	0	64.9964878959058	12	0.228776440392883	0.000256927710841229
0.0714153186839672	181.98	190	-30.4	13.397	13.397	0	65.0987207478129	12	0.228776440392883	0.000258516673157973
0.0711875429276985	181.98	190	-30.4	13.397	13.397	0	64.9484192533719	12	0.228776440392883	0.000258140476500349
0.0716348908262724	181.98	190	-30.4	13.397	13.397	0	64.896638397369	12	0.228776440392883	0.000255668112599391
0.0714105638079568	181.98	190	-30.4	13.397	13.397	0	65.0373927897625	12	0.228776440392883	0.000257809113080943
0.0716017586914485	181.98	190	-30.4	13.397	13.397	0	65.0279435782972	12	0.228776440392883	0.000257089947683279
0.0717084234524726	181.98	190	-30.4	13.397	13.397	0	65.2729554126845	12	0.228776440392883	0.000259593489520022
0.0715862539802699	181.98	190	-30.4	13.397	13.397	0	65.1336626752157	12	0.228776440392883	0.000258281093849983
0.0715877952576468	181.98	190	-30.4	13.397	13.397	0	65.0318668989275	12	0.228776440392883	0.000257156251347767
0.0717195926881028	181.98	190	-30.4	13.397	13.397	0	65.1489421374665	12	0.228776440392883	0.000258271326234371
0.0715851715689341	181.98	190	-30.4	13.397	13.397	0	65.0057818605679	12	0.228776440392883	0.000256876958389538
0.0716484264020055	181.98	190	-30.4	13.397	13.397	0	65.1648181478995	12	0.228776440392883	0.000258501974371831
0.0714659781363211	181.98	190	-30.4	13.397	13.397	0	65.0434402525562	12	0.228776440392883	0.000257637401822309
0.0718763424540845	181.98	190	-30.4	13.397	13.397	0	64.981478368667	12	0.228776440392883	0.000256873664057847
0.0716716295380068	181.98	190	-30.4	13.397	13.397	0	65.0599514149254	12	0.228776440392883	0.000257357326080654
0.0718549088662996	181.98	190	-30.4	13.397	13.397	0	64.9406577297604	12	0.228776440392883	0.000256424816535913
0.0716962972346681	181.98	190	-30.4	13.397	13.397	0	65.1837834945199	12	0.228776440392883	0.000258650444280361
0.0713632661988492	181.98	190	-30.4	13.397	13.397	0	64.9028489372605	12	0.228776440392883	0.000256443829958559
0.0717050632707054	181.98	190	-30.4	13.397	13.397	0	65.124856500178	12	0.228776440392883	0.00025802346556099
0.0716093725846406	181.98	190	-30.4	13.397	13.397	0	64.9487601345665	12	0.228776440392883	0.000256231446604606
0.0716558177141786	181.98	190	-30.4	13.397	13.397	0	65.0881452263181	12	0.228776440392883	0.000257667835437404
0.0714649434343364	181.98	190	-30.4	13.397	13.397	0	65.1670780524636	12	0.228776440392883	0.000259090627376283
0.0717561174716278	181.98	190	-30.4	13.397	13.397	0	65.1824256514316	12	0.228776440392883	0.000258619132377905
0.0714485348928771	181.98	190	-30.4	13.397	13.397	0	64.7886295915315	12	0.228776440392883	0.000254801098757584
0.0714758001905247	181.98	190	-30.4	13.397	13.397	0	64.978364660048	12	0.228776440392883	0.0002568535255078
0.0714960207002296	181.98	190	-30.4	13.397	13.397	0	65.1194206657518	12	0.228776440392883	0.000258400880769173
0.0716135043968141	181.98	190	-30.4	13.397	13.397	0	65.2738334232202	12	0.228776440392883	0.000259782178442702
0.0718707953630476	181.98	190	-30.4	13.397	13.397	0	64.9660820138023	12	0.228776440392883	0.000256712699426423
0.0713606616979572	181.98	190	-30.4	13.397	13.397	0	65.0145503463971	12	0.228776440392883	0.000257793731464628
0.0714341742849393	181.98	190	-30.4	13.397	13.397	0	65.11968650823	12	0.228776440392883	0.000258673358083964
0.0715325574981326	181.98	190	-30.4	13.397	13.397	0	65.0816114315604	12	0.228776440392883	0.000257842724870724
0.0717259156712515	181.98	190	-30.4	13.397	13.397	0	64.9583011687772	12	0.228776440392883	0.000256324873042072
0.0714653714441734	181.98	190	-30.4	13.397	13.397	0	64.9036248516971	12	0.228776440392883	0.000256040103602025
0.0715893841521981	181.98	190	-30.4	13.397	13.397	0	65.0295915765668	12	0.228776440392883	0.000257128583479285
0.071997869051545	181.98	190	-30.4	13.397	13.397	0	65.1430638979599	12	0.228776440392883	0.000258829251428794
0.0718238165008723	181.98	190	-30.4	13.397	13.397	0	65.2055718650064	12	0.228776440392883	0.000258905055596923
0.0714956692357633	181.98	190	-30.4	13.397	13.397	0	65.0707616188541	12	0.228776440392883	0.000257840947795592
0.0715630692528585	181.98	190	-30.4	13.397	13.397	0	65.2060389873351	12	0.228776440392883	0.000259161312886807
0.0713753985096649	181.98	190	-30.4	13.397	13.397	0	65.0772098092848	12	0.228776440392883	0.000258470679121799
0.0714654201679908	181.98	190	-30.4	13.397	13.397	0	65.096835347903	12	0.228776440392883	0.000258261365128905
0.0716469722975569	181.98	190	-30.4	13.397	13.397	0	65.1135669485817	12	0.228776440392883	0.000257949964698409
0.0716801002547554	181.98	190	-30.4	13.397	13.397	0	65.1277542479491	12	0.228776440392883	0.000258067823878347
0.071533914367863	181.98	190	-30.4	13.397	13.397	0	64.9642074124622	12	0.228776440392883	0.000256526357590422
0.0720049041473215	181.98	190	-30.4	13.397	13.397	0	64.8921510853552	12	0.228776440392883	0.000256704477663384
0.0713768169456632	181.98	190	-30.4	13.397	13.397	0	65.0944268137661	12	0.228776440392883	0.000258671927934186
0.0717601080196369	181.98	190	-30.4	13.397	13.397	0	65.0284882808198	12	0.228776440392883	0.00025706089938476
0.0714665387894025	181.98	190	-30.4	13.397	13.397	0	64.9944929625742	12	0.228776440392883	0.00025707078885637
0.0716911492808297	181.98	190	-30.4	13.397	13.397	0	65.0614212376618	12	0.228776440392883	0.00025736510360665
0.0714396421510173	181.98	190	-30.4	13.397	13.397	0	65.0449148652156	12	0.228776440392883	0.000257764065172542
0.0714201470524734	181.98	190	-30.4	13.397	13.397	0	64.948627119955	12	0.228776440392883	0.000256722900885518
0.0716316460845147	181.98	190	-30.4	13.397	13.397	0	65.1401561728815	12	0.228776440392883	0.000258260343412394
0.0718217513170454	181.98	190	-30.4	13.397	13.397	0	64.9818155494009	12	0.228776440392883	0.000256716685323989
0.0714980355313848	181.98	190	-30.4	13.397	13.397	0	65.0994637696843	12	0.228776440392883	0.000258162628106269
0.0717856954752588	181.98	190	-30.4	13.397	13.397	0	65.1465515746306	12	0.228776440392883	0.000258270590219637
0.0720049935173687	181.98	190	-30.4	13.397	13.397	0	65.0703075960957	12	0.228776440392883	0.000258223173329655
0.0715139310534783	181.98	190	-30.4	13.397	13.397	0	65.0961009406632	12	0.228776440392883	0.000258067481091589
0.0714385786114289	181.98	190	-30.4	13.397	13.397	0	65.0014627715923	12	0.228776440392883	0.00025726079426501
0.0719473444014679	181.98	190	-30.4	13.397	13.397	0	65.0356402411468	12	0.228776440392883	0.000257641887053277
0.0716964282941977	181.98	190	-30.4	13.397	13.397	0	65.1718548269009	12	0.228776440392883	0.000258523556650421
0.0719549952953831	181.98	190	-30.4	13.397	13.397	0	65.0470913085644	12	0.228776440392883	0.000257777962194795
0.0717490530783578	181.98	190	-30.4	13.397	13.397	0	65.1289002364214	12	0.228776440392883	0.000258066816709538
0.0713152343840127	181.98	190	-30.4	13.397	13.397	0	65.0015630731725	12	0.228776440392883	0.000257901818594777
0.0716631170141978	181.98	190	-30.4	13.397	13.397	0	64.8447314585242	12	0.228776440392883	0.00025513947512632
0.0715739044516472	181.98	190	-30.4	13.397	13.397	0	65.0468922867256	12	0.228776440392883	0.000257348461396942
0.0713880252180419	181.98	190	-30.4	13.397	13.397	0	65.0301462381055	12	0.228776440392883	0.000257835191968845
0.0715649948900829	181.98	190	-30.4	13.397	13.397	0	65.0258798435823	12	0.228776440392883	0.000257136250584094
0.0717714079752116	181.98	190	-30.4	13.397	13.397	0	64.9213521600969	12	0.228776440392883	0.000256026062832575
0.0713637737586321	181.98	190	-30.4	13.397	13.397	0	64.9789506322	12	0.228776440392883	0.000257348215490206
0.071484818162962	181.98	190	-30.4	13.397	13.397	0	65.1261561495367	12	0.228776440392883	0.000258523409785635
0.0718338637032299	181.98	190	-30.4	13.397	13.397	0	65.0454744351324	12	0.228776440392883	0.000257354475596409
0.07163658631437	181.98	190	-30.4	13.397	13.397	0	64.9223089860581	12	0.228776440392883	0.000255934160573761
0.0718130439580285	181.98	190	-30.4	13.397	13.397	0	65.2027463257171	12	0.228776440392883	0.000258863946313076
0.0714761942361314	181.98	190	-30.4	13.397	13.397	0	65.1293961940902	12	0.228776440392883	0.000258596994549268
0.0717615173340533	181.98	190	-30.4	13.397	13.397	0	65.1944268580102	12	0.228776440392883	0.000258744221441816
0.0715082952049771	181.98	190	-30.4	13.397	13.397	0	65.0048375719201	12	0.228776440392883	0.0002570490189743
0.0714517773352	181.98	190	-30.4	13.397	13.397	0	65.1764097148962	12	0.228776440392883	0.000259264126921119
0.0715604871808563	181.98	190	-30.4	13.397	13.397	0	65.0280132414635	12	0.228776440392883	0.000257169796622134
0.0715138644103699	181.98	190	-30.4	13.397	13.397	0	65.0887637107276	12	0.228776440392883	0.00025798383056243
0.0717414804338755	181.98	190	-30.4	13.397	13.397	0	64.9193395556694	12	0.228776440392883	0.000255956678558115
0.0716258415020228	181.98	190	-30.4	13.397	13.397	0	65.1038775288471	12	0.228776440392883	0.000257875161883322
0.0715202632430458	181.98	190	-30.4	13.397	13.397	0	65.1800063120306	12	0.228776440392883	0.000259010562725067
0.0714270165110417	181.98	190	-30.4	13.397	13.397	0	65.0304780536961	12	0.228776440392883	0.00025765059678093
0.0718680027690836	181.98	190	-30.4	13.397	13.397	0	64.9632848078605	12	0.228776440392883	0.000256677434791561
0.0714913603654841	181.98	190	-30.4	13.397	13.397	0	65.0472653279889	12	0.228776440392883	0.000257586755088975
0.0718180712653511	181.98	190	-30.4	13.397	13.397	0	65.1688515420076	12	0.228776440392883	0.000258531257827301
0.0716177002452135	181.98	190	-30.4	13.397	13.397	0	65.164816369866	12	0.228776440392883	0.000258556485485925
0.0715271583074881	181.98	190	-30.4	13.397	13.397	0	65.0035068818611	12	0.228776440392883	0.000256980202660652
0.0714913728831747	181.98	190	-30.4	13.397	13.397	0	64.9847344925407	12	0.228776440392883	0.000256874389836347
0.0714251602277994	181.98	190	-30.4	13.397	13.397	0	65.0714819729834	12	0.228776440392883	0.000258143659480525
0.0714552838879008	181.98	190	-30.4	13.397	13.397	0	64.9044135512375	12	0.228776440392883	0.000256082118779775
0.0715511750821873	181.98	190	-30.4	13.397	13.397	0	64.853525238472	12	0.228776440392883	0.000255287852814583
0.0713718758632727	181.98	190	-30.4	13.397	13.397	0	64.909537292951	12	0.228776440392883	0.000256481289899179
0.0717252816757745	181.98	190	-30.4	13.397	13.397	0	65.1078933764751	12	0.228776440392883	0.000257844817750855
0.0715209372939807	181.98	190	-30.4	13.397	13.397	0	65.0639426260799	12	0.228776440392883	0.000257678407184768
0.0713470434917878	181.98	190	-30.4	13.397	13.397	0	65.0328339903357	12	0.228776440392883	0.000258093201407767
0.0716100810109148	181.98	190	-30.4	13.397	13.397	0	65.1115366409609	12	0.228776440392883	0.000257985829005911
0.0716073276328306	181.98	190	-30.4	13.397	13.397	0	65.0411958122872	12	0.228776440392883	0.000257224695052777
0.0716065635278123	181.98	190	-30.4	13.397	13.397	0	65.0120976643362	12	0.228776440392883	0.000256911797769974
0.0714152094167705	181.98	190	-30.4	13.397	13.397	0	65.0421942863301	12	0.228776440392883	0.000257843782596461
0.0714330696421638	181.98	190	-30.4	13.397	13.397	0	64.9631422812892	12	0.228776440392883	0.000256838206839627
0.0717273448907242	181.98	190	-30.4	13.397	13.397	0	65.0311382784022	12	0.228776440392883	0.000257059797220727
0.0716604143799131	181.98	190	-30.4	13.397	13.397	0	65.1147360304766	12	0.228776440392883	0.0002579470337731
0.0716871504363214	181.98	190	-30.4	13.397	13.397	0	65.0819511964918	12	0.228776440392883	0.000257580757511215
0.0718419742162164	181.98	190	-30.4	13.397	13.397	0	65.2718500741865	12	0.228776440392883	0.000259591660402767
0.0713594868960534	181.98	190	-30.4	13.397	13.397	0	65.1075053526589	12	0.228776440392883	0.000258933466635409
0.071602118369885	181.98	190	-30.4	13.397	13.397	0	65.0937155056207	12	0.228776440392883	0.000257805659134209
0.0713278104440324	181.98	190	-30.4	13.397	13.397	0	65.1180248223527	12	0.228776440392883	0.000259264219105935
0.0713483164815107	181.98	190	-30.4	13.397	13.397	0	64.984682521931	12	0.228776440392883	0.000257501149025556
0.0715436958222705	181.98	190	-30.4	13.397	13.397	0	65.014845721418	12	0.228776440392883	0.000257063759678502
0.0715260325619203	181.98	190	-30.4	13.397	13.397	0	65.0437592600117	12	0.228776440392883	0.000257434935697156
0.0716482482375713	181.98	190	-30.4	13.397	13.397	0	65.1152516643507	12	0.228776440392883	0.000257966486888354
0.0714766622920075	181.98	190	-30.4	13.397	13.397	0	64.9820608920242	12	0.228776440392883	0.000256892701622103
0.0714622149746047	181.98	190	-30.4	13.397	13.397	0	65.1160596506055	12	0.228776440392883	0.000258500659850058
0.0718819159132167	181.98	190	-30.4	13.397	13.397	0	65.1866203401123	12	0.228776440392883	0.0002588252249403
0.0719926169842854	181.98	190	-30.4	13.397	13.397	0	65.0612556296265	12	0.228776440392883	0.000258080966480479
0.0713816871158701	181.98	190	-30.4	13.397	13.397	0	65.0485982500252	12	0.228776440392883	0.000258090144956285
0.071451141329496	181.98	190	-30.4	13.397	13.397	0	65.0438669221988	12	0.228776440392883	0.000257702572759072
0.0717146901618879	181.98	190	-30.4	13.397	13.397	0	65.2256725386905	12	0.228776440392883	0.00025908206030376
0.0721268831930524	181.98	190	-30.4	13.397	13.397	0	65.0535105650819	12	0.228776440392883	0.000258852169056856
0.0715159246706307	181.98	190	-30.4	13.397	13.397	0	65.0117417894669	12	0.228776440392883	0.000257104106510803
0.0714237216420522	181.98	190	-30.4	13.397	13.397	0	65.0608345469815	12	0.228776440392883	0.000258024256970626
0.0714065537269278	181.98	190	-30.4	13.397	13.397	0	64.903784259984	12	0.228776440392883	0.000256258649453754
0.0716581146388123	181.98	190	-30.4	13.397	13.397	0	65.135757368026	12	0.228776440392883	0.000258174908256962
0.071923006020164	181.98	190	-30.4	13.397	13.397	0	65.0055690542415	12	0.228776440392883	0.000257268656281064
0.0715684082429273	181.98	190	-30.4	13.397	13.397	0	65.0177392232163	12	0.228776440392883	0.000257039455258456
0.0719319817671431	181.98	190	-30.4	13.397	13.397	0	64.9803457212722	12	0.228776440392883	0.000257080397914854
0.0715393127578708	181.98	190	-30.4	13.397	13.397	0	64.8216410217448	12	0.228776440392883	0.000254963679538977
0.071502451988866	181.98	190	-30.4	13.397	13.397	0	65.0155086518172	12	0.228776440392883	0.000257187735452021
0.0712972807032606	181.98	190	-30.4	13.397	13.397	0	65.0769164527676	12	0.228776440392883	0.000258956002102448
0.0716481187151447	181.98	190	-30.4	13.397	13.397	0	65.1202458773417	12	0.228776440392883	0.000258020398677116
0.071822021134342	181.98	190	-30.4	13.397	13.397	0	65.2785229280815	12	0.228776440392883	0.000259638387532267
0.0719484653532759	181.98	190	-30.4	13.397	13.397	0	65.388519152087	12	0.228776440392883	0.000260938718670151
0.0715046685346222	181.98	190	-30.4	13.397	13.397	0	65.0402435185784	12	0.228776440392883	0.000257461364061791
0.0714907800263196	181.98	190	-30.4	13.397	13.397	0	65.1016187888495	12	0.228776440392883	0.000258214838564949
0.0720368110091927	181.98	190	-30.4	13.397	13.397	0	65.0877835211577	12	0.228776440392883	0.000258546608614486
0.071466168040837	181.98	190	-30.4	13.397	13.397	0	65.1439467243063	12	0.228776440392883	0.000258811584512771
0.0716936625528409	181.98	190	-30.4	13.397	13.397	0	65.1354490260803	12	0.228776440392883	0.000258140035600311
0.0715343193176955	181.98	190	-30.4	13.397	13.397	0	64.9840456881206	12	0.228776440392883	0.000256745052720454
0.0715996486696802	181.98	190	-30.4	13.397	13.397	0	65.1097935696476	12	0.228776440392883	0.000257987142236812
0.0717359974965018	181.98	190	-30.4	13.397	13.397	0	65.1822673578703	12	0.228776440392883	0.000258616310087156
0.0714671919810493	181.98	190	-30.4	13.397	13.397	0	64.9856760313902	12	0.228776440392883	0.000256967300184622
0.0716483330672566	181.98	190	-30.4	13.397	13.397	0	65.1150380312294	12	0.228776440392883	0.000257964083181494
0.071865663736754	181.98	190	-30.4	13.397	13.397	0	65.2216459314473	12	0.228776440392883	0.000259130784089552
0.0715137172267405	181.98	190	-30.4	13.397	13.397	0	65.0613131970855	12	0.228776440392883	0.000257671501293092
0.0712157332041266	181.98	190	-30.4	13.397	13.397	0	65.0127426816422	12	0.228776440392883	0.000258743720746273
0.0715888475983731	181.98	190	-30.4	13.397	13.397	0	64.817905255226	12	0.228776440392883	0.00025487063753181
0.0719212221837449	181.98	190	-30.4	13.397	13.397	0	65.3855161289942	12	0.228776440392883	0.00026084903561967
0.0717748022267215	181.98	190	-30.4	13.397	13.397	0	65.1061981833871	12	0.228776440392883	0.000257854093679231
0.0716003584210897	181.98	190	-30.4	13.397	13.397	0	64.9934060483233	12	0.228776440392883	0.000256719376599955
0.0714818777974507	181.98	190	-30.4	13.397	13.397	0	65.0520453964787	12	0.228776440392883	0.000257676012892571
0.0716131424640886	181.98	190	-30.4	13.397	13.397	0	65.0271246797449	12	0.228776440392883	0.000257064396291187
0.0717045464335663	181.98	190	-30.4	13.397	13.397	0	65.1181299656318	12	0.228776440392883	0.00025795324586581
0.0715843177484248	181.98	190	-30.4	13.397	13.397	0	65.068785343117	12	0.228776440392883	0.00025756747413663
0.0714826944825337	181.98	190	-30.4	13.397	13.397	0	64.9369890120339	12	0.228776440392883	0.0002563621757307
0.0715116572192187	181.98	190	-30.4	13.397	13.397	0	65.0966841737324	12	0.228776440392883	0.000258081966047096
0.0715540101098621	181.98	190	-30.4	13.397	13.397	0	65.1060066127809	12	0.228776440392883	0.000258055423424591
0.0716042112827694	181.98	190	-30.4	13.397	13.397	0	65.0694509245881	12	0.228776440392883	0.000257536647151376
0.0716502272711058	181.98	190	-30.4	13.397	13.397	0	65.0545655424189	12	0.228776440392883	0.000257315831502948
0.0715329952749607	181.98	190	-30.4	13.397	13.397	0	65.0592026860774	12	0.228776440392883	0.000257588571601873
0.0715052359855426	181.98	190	-30.4	13.397	13.397	0	65.0512043960769	12	0.228776440392883	0.000257584243952312
0.0713864564262917	181.98	190	-30.4	13.397	13.397	0	65.0434674838555	12	0.228776440392883	0.000258003114720987
0.0717540871057725	181.98	190	-30.4	13.397	13.397	0	65.1631499487958	12	0.228776440392883	0.000258420056279471
0.0716588050970675	181.98	190	-30.4	13.397	13.397	0	65.1453334017469	12	0.228776440392883	0.000258277059505493
0.0713866512739804	181.98	190	-30.4	13.397	13.397	0	64.9896190509764	12	0.228776440392883	0.000257358430394288
0.0714587080637528	181.98	190	-30.4	13.397	13.397	0	65.1743129744384	12	0.228776440392883	0.000259205743281076
0.0713334517753562	181.98	190	-30.4	13.397	13.397	0	65.0737248680793	12	0.228776440392883	0.000258677720170514
0.0715126375728792	181.98	190	-30.4	13.397	13.397	0	65.0541050615152	12	0.228776440392883	0.000257593076471559
0.0716543337428737	181.98	190	-30.4	13.397	13.397	0	64.9344457417241	12	0.228776440392883	0.00025605500700361
0.0719546624467486	181.98	190	-30.4	13.397	13.397	0	65.0225737311487	12	0.228776440392883	0.000257557925876369
0.0716338375657436	181.98	190	-30.4	13.397	13.397	0	65.0809539969522	12	0.228776440392883	0.000257615910699581
0.0717116692616272	181.98	190	-30.4	13.397	13.397	0	65.0314310392112	12	0.228776440392883	0.000257056152730473
0.0713086945818233	181.98	190	-30.4	13.397	13.397	0	64.9380389665921	12	0.228776440392883	0.000257163266126252
0.0719933563927412	181.98	190	-30.4	13.397	13.397	0	65.0220258327576	12	0.228776440392883	0.000257742741759071
0.0714577287392729	181.98	190	-30.4	13.397	13.397	0	65.0008706312882	12	0.228776440392883	0.000257177251864072
0.0713626682276306	181.98	190	-30.4	13.397	13.397	0	65.057267233101	12	0.228776440392883	0.000258300476904105
0.0717360636375201	181.98	190	-30.4	13.397	13.397	0	65.1707029978219	12	0.228776440392883	0.000258495906809004
0.0719126240081842	181.98	190	-30.4	13.397	13.397	0	65.3815504141484	12	0.228776440392883	0.000260793392439404
0.0717228489041747	181.98	190	-30.4	13.397	13.397	0	65.0222877983044	12	0.228776440392883	0.000256967503240662
0.0718538210838803	181.98	190	-30.4	13.397	13.397	0	65.1555979788666	12	0.228776440392883	0.000258462336842047
0.0714472495343379	181.98	190	-30.4	13.397	13.397	0	65.0455038963258	12	0.228776440392883	0.000257738111801428
0.0714791352080893	181.98	190	-30.4	13.397	13.397	0	64.9702603993018	12	0.228776440392883	0.000256750072128456
0.071951342929261	181.98	190	-30.4	13.397	13.397	0	65.0272767777073	12	0.228776440392883	0.000257584803018987
0.0714269483197524	181.98	190	-30.4	13.397	13.397	0	65.1052992324177	12	0.228776440392883	0.000258537213195451
0.071601025762447	181.98	190	-30.4	13.397	13.397	0	64.9730275771507	12	0.228776440392883	0.000256499748088596
0.0714821389604804	181.98	190	-30.4	13.397	13.397	0	65.0883951449824	12	0.228776440392883	0.000258095073687074
0.0715963212427228	181.98	190	-30.4	13.397	13.397	0	65.3206831710267	12	0.228776440392883	0.000260365947999335
0.0715500275345775	181.98	190	-30.4	13.397	13.397	0	65.1534328234093	12	0.228776440392883	0.00025860336608711
0.071485087087401	181.98	190	-30.4	13.397	13.397	0	65.0582435612156	12	0.228776440392883	0.00025773550656594
0.0716546886047477	181.98	190	-30.4	13.397	13.397	0	65.0186502184128	12	0.228776440392883	0.000256932959985525
0.0718376635673812	181.98	190	-30.4	13.397	13.397	0	65.0873463948383	12	0.228776440392883	0.000257766373322933
0.0715133748735045	181.98	190	-30.4	13.397	13.397	0	65.1070247145922	12	0.228776440392883	0.000258194499856974
0.0714772578277611	181.98	190	-30.4	13.397	13.397	0	64.9953247409334	12	0.228776440392883	0.000257042000889342
0.0714581847927942	181.98	190	-30.4	13.397	13.397	0	65.0967250511409	12	0.228776440392883	0.000258291101754142
0.0716726595422957	181.98	190	-30.4	13.397	13.397	0	64.9429052390602	12	0.228776440392883	0.000256141514992487
0.0715098377381154	181.98	190	-30.4	13.397	13.397	0	65.1331966653787	12	0.228776440392883	0.000258508202816646
0.0718345585568781	181.98	190	-30.4	13.397	13.397	0	65.1851431099863	12	0.228776440392883	0.000258717160503295
0.0713507371451108	181.98	190	-30.4	13.397	13.397	0	65.0930159085694	12	0.228776440392883	0.000258808444657649
0.0715365799651945	181.98	190	-30.4	13.397	13.397	0	65.172804190852	12	0.228776440392883	0.000258868753098034
0.0720485070576424	181.98	190	-30.4	13.397	13.397	0	65.1335673977321	12	0.228776440392883	0.000259005879180157
0.0716491173507463	181.98	190	-30.4	13.397	13.397	0	65.0661372670646	12	0.228776440392883	0.000257439897082199
0.0717567776722201	181.98	190	-30.4	13.397	13.397	0	65.1838828334044	12	0.228776440392883	0.00025863431618707
0.0714085034869178	181.98	190	-30.4	13.397	13.397	0	64.9945845372399	12	0.228776440392883	0.000257312434982111
0.0715092775144916	181.98	190	-30.4	13.397	13.397	0	65.1064952076527	12	0.228776440392883	0.00025820282417914
0.0713179284046712	181.98	190	-30.4	13.397	13.397	0	65.0069241673316	12	0.228776440392883	0.000257951069724064
0.0714767267239059	181.98	190	-30.4	13.397	13.397	0	65.0457337097628	12	0.228776440392883	0.000257622532491423
0.0715230500579603	181.98	190	-30.4	13.397	13.397	0	65.0525906582981	12	0.228776440392883	0.000257543448129522
0.0714129779228611	181.98	190	-30.4	13.397	13.397	0	65.1074788041004	12	0.228776440392883	0.000258633634634134
0.0713308492722797	181.98	190	-30.4	13.397	13.397	0	65.0892139075942	12	0.228776440392883	0.000258885995062277
0.0715238953411372	181.98	190	-30.4	13.397	13.397	0	65.1009548863435	12	0.228776440392883	0.000258089587733446
0.0715407117798424	181.98	190	-30.4	13.397	13.397	0	65.0602849635517	12	0.228776440392883	0.000257578869210596
0.071523229091982	181.98	190	-30.4	13.397	13.397	0	65.0283154777357	12	0.228776440392883	0.000257269276389272
0.0714004684630228	181.98	190	-30.4	13.397	13.397	0	64.9036548720269	12	0.228776440392883	0.000256282854995285
0.0713951074971459	181.98	190	-30.4	13.397	13.397	0	65.0092789453047	12	0.228776440392883	0.000257550453096358
0.0714540559634453	181.98	190	-30.4	13.397	13.397	0	65.0502682983474	12	0.228776440392883	0.000257765072454399
0.0721503885464902	181.98	190	-30.4	13.397	13.397	0	65.0196916698991	12	0.228776440392883	0.000258767116380703
0.0713192311884699	181.98	190	-30.4	13.397	13.397	0	65.0405321472159	12	0.228776440392883	0.000258357320520316
0.0713383987353148	181.98	190	-30.4	13.397	13.397	0	65.1207088164003	12	0.228776440392883	0.000259228422951345
0.0714317237314501	181.98	190	-30.4	13.397	13.397	0	65.0485140918823	12	0.228776440392883	0.000257841652816981
0.0714361986431913	181.98	190	-30.4	13.397	13.397	0	65.0796613869881	12	0.228776440392883	0.000258188716958603
0.0715014143797782	181.98	190	-30.4	13.397	13.397	0	65.0312322661871	12	0.228776440392883	0.000257369550127758
0.0715987173866254	181.98	190	-30.4	13.397	13.397	0	65.0322081782729	12	0.228776440392883	0.000257141034935755
0.0716477237921699	181.98	190	-30.4	13.397	13.397	0	65.157902778105	12	0.228776440392883	0.000258427963608164
0.0714943953034231	181.98	190	-30.4	13.397	13.397	0	64.9729361104193	12	0.228776440392883	0.000256731528260158
0.0716251654925626	181.98	190	-30.4	13.397	13.397	0	65.1136677970805	12	0.228776440392883	0.000257982620497972
0.0715517278201472	181.98	190	-30.4	13.397	13.397	0	65.0713634485736	12	0.228776440392883	0.000257673128459228
0.0716671601659954	181.98	190	-30.4	13.397	13.397	0	65.1424279048937	12	0.228776440392883	0.000258236225667661
0.0713721894129748	181.98	190	-30.4	13.397	13.397	0	64.9577244359083	12	0.228776440392883	0.00025705111124528
0.0713456948041672	181.98	190	-30.4	13.397	13.397	0	65.0810594612497	12	0.228776440392883	0.000258692159425626
0.0714916310938041	181.98	190	-30.4	13.397	13.397	0	64.9653989569083	12	0.228776440392883	0.000256655001445831
0.0717021927274287	181.98	190	-30.4	13.397	13.397	0	65.1788198533335	12	0.228776440392883	0.000258593380827017
