0.0714522379064446	181.98	190	-30.4	13.397	13.397	0	65.0476162537045	12	0.228776440392883	0.000257741727779459
0.0714290703741991	181.98	190	-30.4	13.397	13.397	0	64.888833463225	12	0.228776440392883	0.000255997330496227
0.0714266135600506	181.98	190	-30.4	13.397	13.397	0	65.045985104505	12	0.228776440392883	0.00025783517092874
0.0716650007000307	181.98	190	-30.4	13.397	13.397	0	64.922769156252	12	0.228776440392883	0.000255934288903621
0.0715694642744333	181.98	190	-30.4	13.397	13.397	0	65.0420638318783	12	0.228776440392883	0.00025730486494035
0.0714392780066014	181.98	190	-30.4	13.397	13.397	0	65.0249115636069	12	0.228776440392883	0.000257531411890301
0.071580284633553	181.98	190	-30.4	13.397	13.397	0	64.989086054025	12	0.228776440392883	0.000256704058963276
0.0715515973000426	181.98	190	-30.4	13.397	13.397	0	64.9885447256109	12	0.228776440392883	0.000256754416028854
0.0717261504979088	181.98	190	-30.4	13.397	13.397	0	64.9444075354756	12	0.228776440392883	0.000256186358979701
0.0714239529195734	181.98	190	-30.4	13.397	13.397	0	65.0232102711609	12	0.228776440392883	0.000257578917660768
0.0717790883569796	181.98	190	-30.4	13.397	13.397	0	65.1332896213819	12	0.228776440392883	0.00025813084628299
0.0716255831860449	181.98	190	-30.4	13.397	13.397	0	65.1819506786469	12	0.228776440392883	0.00025872947342151
0.0713374742158507	181.98	190	-30.4	13.397	13.397	0	64.9750194638934	12	0.228776440392883	0.000257445221076095
0.0714810514576853	181.98	190	-30.4	13.397	13.397	0	64.9606027931991	12	0.228776440392883	0.000256634219391217
0.0716141705132071	181.98	190	-30.4	13.397	13.397	0	65.031147007096	12	0.228776440392883	0.000257106269817361
0.0716723901237856	181.98	190	-30.4	13.397	13.397	0	64.9209025632097	12	0.228776440392883	0.000255916269319516
0.0715372240233838	181.98	190	-30.4	13.397	13.397	0	64.9842037443657	12	0.228776440392883	0.000256739702500444
0.0713894645296833	181.98	190	-30.4	13.397	13.397	0	65.0766916334563	12	0.228776440392883	0.000258387052165773
0.0715250296815332	181.98	190	-30.4	13.397	13.397	0	65.0016164545803	12	0.228776440392883	0.000256964836577325
0.0716044623696304	181.98	190	-30.4	13.397	13.397	0	65.0439277594831	12	0.228776440392883	0.000257258800457565
0.0713756351640887	181.98	190	-30.4	13.397	13.397	0	64.9604077070028	12	0.228776440392883	0.00025706577554972
0.0714806317161689	181.98	190	-30.4	13.397	13.397	0	65.0630417890564	12	0.228776440392883	0.000257807515350939
0.0715644631536477	181.98	190	-30.4	13.397	13.397	0	65.0393532789084	12	0.228776440392883	0.000257286071174954
0.0714881246058723	181.98	190	-30.4	13.397	13.397	0	65.0051385656274	12	0.228776440392883	0.000257116735679999
0.0714285736310476	181.98	190	-30.4	13.397	13.397	0	64.973466146863	12	0.228776440392883	0.000256976634008916
0.071525001974669	181.98	190	-30.4	13.397	13.397	0	64.9969615604132	12	0.228776440392883	0.000256912890939817
0.0713965335209862	181.98	190	-30.4	13.397	13.397	0	64.9908221054979	12	0.228776440392883	0.000257324435950325
0.0713813958518519	181.98	190	-30.4	13.397	13.397	0	64.9679518592347	12	0.228776440392883	0.000257126862808294
0.0715894058786497	181.98	190	-30.4	13.397	13.397	0	65.0851707441406	12	0.228776440392883	0.000257737222036305
0.0713157518637083	181.98	190	-30.4	13.397	13.397	0	64.9485551238445	12	0.228776440392883	0.000257249575382509
0.0715255824472231	181.98	190	-30.4	13.397	13.397	0	65.1045617974552	12	0.228776440392883	0.000258125175279053
0.0713280263682782	181.98	190	-30.4	13.397	13.397	0	65.0368872919627	12	0.228776440392883	0.000258257263173088
0.0713413306816779	181.98	190	-30.4	13.397	13.397	0	65.0378306088338	12	0.228776440392883	0.000258188008618543
0.071517614892081	181.98	190	-30.4	13.397	13.397	0	64.9716782598509	12	0.228776440392883	0.00025665050086272
0.0716177146377986	181.98	190	-30.4	13.397	13.397	0	64.8928878479679	12	0.228776440392883	0.000255636463339221
0.0714425715307401	181.98	190	-30.4	13.397	13.397	0	65.1253351730355	12	0.228776440392883	0.000258700132243686
0.0714943073899751	181.98	190	-30.4	13.397	13.397	0	65.1059161458833	12	0.228776440392883	0.00025825110955933
0.071660074377928	181.98	190	-30.4	13.397	13.397	0	64.8856813882123	12	0.228776440392883	0.000255554191325877
0.0714135651166516	181.98	190	-30.4	13.397	13.397	0	64.9559054957331	12	0.228776440392883	0.000256835801703725
0.0713927575570288	181.98	190	-30.4	13.397	13.397	0	65.0250878197828	12	0.228776440392883	0.00025775055373116
0.0716556721632848	181.98	190	-30.4	13.397	13.397	0	65.0436694930855	12	0.228776440392883	0.00025719601322225
0.0715995921094971	181.98	190	-30.4	13.397	13.397	0	65.0076689658097	12	0.228776440392883	0.000256874157323319
0.0714996108939042	181.98	190	-30.4	13.397	13.397	0	65.081943475534	12	0.228776440392883	0.000257955258019991
0.071482169942157	181.98	190	-30.4	13.397	13.397	0	64.8534697781782	12	0.228776440392883	0.00025542956910078
0.0719653087431849	181.98	190	-30.4	13.397	13.397	0	64.9945011819542	12	0.228776440392883	0.000257360433342074
0.0714100550128659	181.98	190	-30.4	13.397	13.397	0	64.932305424168	12	0.228776440392883	0.000256575577203911
0.0713785397461525	181.98	190	-30.4	13.397	13.397	0	64.8975461910644	12	0.228776440392883	0.000256308797151039
0.0715290305480595	181.98	190	-30.4	13.397	13.397	0	65.0725876359051	12	0.228776440392883	0.000257751360601458
0.0715353494746485	181.98	190	-30.4	13.397	13.397	0	65.0479118780597	12	0.228776440392883	0.000257454954442935
0.0716974847595135	181.98	190	-30.4	13.397	13.397	0	65.0169160012576	12	0.228776440392883	0.000256904343766086
0.0716745539273605	181.98	190	-30.4	13.397	13.397	0	65.1109286400658	12	0.228776440392883	0.000257893644960774
0.0715302790076591	181.98	190	-30.4	13.397	13.397	0	64.8288076838553	12	0.228776440392883	0.000255055244262075
0.0715072696120151	181.98	190	-30.4	13.397	13.397	0	65.0286615361412	12	0.228776440392883	0.000257321518597428
0.0713972382661179	181.98	190	-30.4	13.397	13.397	0	64.7742680818979	12	0.228776440392883	0.000254805875505438
0.0718973773634156	181.98	190	-30.4	13.397	13.397	0	64.9284648248105	12	0.228776440392883	0.000256469114836699
0.0714358555148727	181.98	190	-30.4	13.397	13.397	0	65.0393634748207	12	0.228776440392883	0.000257715574211474
0.0714105819734275	181.98	190	-30.4	13.397	13.397	0	64.876081087062	12	0.228776440392883	0.000255921751343916
0.0717210859697363	181.98	190	-30.4	13.397	13.397	0	65.0964697154394	12	0.228776440392883	0.000257726467178048
0.0715676543907943	181.98	190	-30.4	13.397	13.397	0	64.9685941293421	12	0.228776440392883	0.000256503727468506
0.0715340321899229	181.98	190	-30.4	13.397	13.397	0	65.0121120816177	12	0.228776440392883	0.00025705798425622
0.071778867659389	181.98	190	-30.4	13.397	13.397	0	65.1263358026809	12	0.228776440392883	0.000258060559677244
0.0716119693838248	181.98	190	-30.4	13.397	13.397	0	65.0066801590176	12	0.228776440392883	0.000256846358014387
0.0713260727999071	181.98	190	-30.4	13.397	13.397	0	65.0285071681016	12	0.228776440392883	0.000258166214882964
0.0714674563753104	181.98	190	-30.4	13.397	13.397	0	65.0642888110834	12	0.228776440392883	0.000257873438839567
0.071350519128282	181.98	190	-30.4	13.397	13.397	0	64.908226636672	12	0.228776440392883	0.00025657153409599
0.0716222590974972	181.98	190	-30.4	13.397	13.397	0	65.0151265288099	12	0.228776440392883	0.000256924266839811
0.071431658434463	181.98	190	-30.4	13.397	13.397	0	64.9781583762068	12	0.228776440392883	0.000257018369771632
0.071282864016551	181.98	190	-30.4	13.397	13.397	0	65.024949684542	12	0.228776440392883	0.000258403561623291
0.0715628453679678	181.98	190	-30.4	13.397	13.397	0	65.0417079846899	12	0.228776440392883	0.000257315788673565
0.0714830431564062	181.98	190	-30.4	13.397	13.397	0	64.9649019053292	12	0.228776440392883	0.000256676487881074
0.0714324594799756	181.98	190	-30.4	13.397	13.397	0	64.8753417460032	12	0.228776440392883	0.000255830676249676
0.0715930012527317	181.98	190	-30.4	13.397	13.397	0	65.014238950287	12	0.228776440392883	0.000256955551698096
0.0716076137153339	181.98	190	-30.4	13.397	13.397	0	65.0484859536873	12	0.228776440392883	0.000257303182699999
0.0715815795826131	181.98	190	-30.4	13.397	13.397	0	65.0521318601548	12	0.228776440392883	0.00025739004703416
0.0715599450592235	181.98	190	-30.4	13.397	13.397	0	65.0078322914473	12	0.228776440392883	0.000256948494757714
0.0715592016368079	181.98	190	-30.4	13.397	13.397	0	64.9940794061253	12	0.228776440392883	0.000256798896999505
0.0713556472146234	181.98	190	-30.4	13.397	13.397	0	64.986738912132	12	0.228776440392883	0.000257485542587037
0.0715492474358372	181.98	190	-30.4	13.397	13.397	0	65.0317558316412	12	0.228776440392883	0.000257237899086027
0.0716401435240233	181.98	190	-30.4	13.397	13.397	0	65.1936057671666	12	0.228776440392883	0.000258829901074768
0.0715435582709666	181.98	190	-30.4	13.397	13.397	0	65.0374793081098	12	0.228776440392883	0.00025731606902734
0.0716501706613958	181.98	190	-30.4	13.397	13.397	0	64.9224725770889	12	0.228776440392883	0.000255931937646333
0.0715611504636498	181.98	190	-30.4	13.397	13.397	0	64.8990967951875	12	0.228776440392883	0.000255762444042465
0.0713526734156184	181.98	190	-30.4	13.397	13.397	0	64.9841817604876	12	0.228776440392883	0.000257470991756547
0.0715081398169581	181.98	190	-30.4	13.397	13.397	0	65.0385301945672	12	0.228776440392883	0.000257430669001252
0.0716475611007976	181.98	190	-30.4	13.397	13.397	0	65.1862719027956	12	0.228776440392883	0.000258736871352227
0.0717460758289197	181.98	190	-30.4	13.397	13.397	0	65.2686771237588	12	0.228776440392883	0.000259519924331803
0.0719799661407934	181.98	190	-30.4	13.397	13.397	0	65.012231538673	12	0.228776440392883	0.000257588537165437
0.0714618215961133	181.98	190	-30.4	13.397	13.397	0	65.1005265837823	12	0.228776440392883	0.000258319965331923
0.0718263395084154	181.98	190	-30.4	13.397	13.397	0	65.1676258028204	12	0.228776440392883	0.000258531066458476
0.0714843871732273	181.98	190	-30.4	13.397	13.397	0	65.088772592455	12	0.228776440392883	0.000258090709496855
0.0714058784768565	181.98	190	-30.4	13.397	13.397	0	65.0995660013705	12	0.228776440392883	0.000258575449778999
0.0714597869480468	181.98	190	-30.4	13.397	13.397	0	65.0750912364935	12	0.228776440392883	0.000258030869114036
0.0716671143690334	181.98	190	-30.4	13.397	13.397	0	64.8535962029562	12	0.228776440392883	0.000255230916998326
0.0716168722538914	181.98	190	-30.4	13.397	13.397	0	65.1787757003821	12	0.228776440392883	0.000258712359855564
0.0716313115590987	181.98	190	-30.4	13.397	13.397	0	65.0706146518385	12	0.228776440392883	0.000257507975081132
0.0716682086826614	181.98	190	-30.4	13.397	13.397	0	65.1946991517903	12	0.228776440392883	0.000258797619487662
0.07149801751085	181.98	190	-30.4	13.397	13.397	0	65.0839746346577	12	0.228776440392883	0.00025798433197817
0.0715416135374355	181.98	190	-30.4	13.397	13.397	0	65.0495841923272	12	0.228776440392883	0.00025745648800051
0.0714962057716231	181.98	190	-30.4	13.397	13.397	0	64.9997659448839	12	0.228776440392883	0.000257029237671984
0.0716600719440179	181.98	190	-30.4	13.397	13.397	0	64.9152714574526	12	0.228776440392883	0.000255857068057163
0.0714820499202213	181.98	190	-30.4	13.397	13.397	0	64.9256144358603	12	0.228776440392883	0.000256236057191948
0.0716592643258702	181.98	190	-30.4	13.397	13.397	0	65.1916942475835	12	0.228776440392883	0.000258777637275748
0.0716427714430622	181.98	190	-30.4	13.397	13.397	0	65.0191856346548	12	0.228776440392883	0.000256947191431381
0.0714591246351123	181.98	190	-30.4	13.397	13.397	0	64.980720204822	12	0.228776440392883	0.000256939944528417
0.072023546368168	181.98	190	-30.4	13.397	13.397	0	65.0834609448372	12	0.228776440392883	0.00025843584679145
0.0714941345142378	181.98	190	-30.4	13.397	13.397	0	65.0066122937908	12	0.228776440392883	0.00025711359239477
0.0716119197332084	181.98	190	-30.4	13.397	13.397	0	65.0213599622608	12	0.228776440392883	0.000257004055988935
0.0716479453357249	181.98	190	-30.4	13.397	13.397	0	65.0514563057244	12	0.228776440392883	0.000257284862078167
0.0716242526729798	181.98	190	-30.4	13.397	13.397	0	65.0600795060868	12	0.228776440392883	0.000257403974137015
0.071363589381515	181.98	190	-30.4	13.397	13.397	0	65.0145780033959	12	0.228776440392883	0.000257777956845493
0.0714959166243403	181.98	190	-30.4	13.397	13.397	0	64.9543634312795	12	0.228776440392883	0.000256517796705936
0.0714874630313619	181.98	190	-30.4	13.397	13.397	0	64.8688995428414	12	0.228776440392883	0.000255586858972028
0.0716158731750007	181.98	190	-30.4	13.397	13.397	0	65.0301294894234	12	0.228776440392883	0.000257093014793339
0.0716548930495385	181.98	190	-30.4	13.397	13.397	0	65.1016639380058	12	0.228776440392883	0.000257813088460586
0.0714081775900767	181.98	190	-30.4	13.397	13.397	0	64.9519560077492	12	0.228776440392883	0.000256813174786275
0.0715497126423818	181.98	190	-30.4	13.397	13.397	0	64.969010891517	12	0.228776440392883	0.00025654374155093
0.071695833066248	181.98	190	-30.4	13.397	13.397	0	65.0962617083703	12	0.228776440392883	0.000257727328097837
0.0719477702491882	181.98	190	-30.4	13.397	13.397	0	64.9922103691259	12	0.228776440392883	0.000257256898318699
0.0719349100999218	181.98	190	-30.4	13.397	13.397	0	65.002013305736	12	0.228776440392883	0.000257286803352098
0.0714364615577501	181.98	190	-30.4	13.397	13.397	0	64.9971358290475	12	0.228776440392883	0.000257219237462945
0.0717080312546335	181.98	190	-30.4	13.397	13.397	0	65.0664066543137	12	0.228776440392883	0.000257415186893607
0.0716245597440465	181.98	190	-30.4	13.397	13.397	0	64.9194370337313	12	0.228776440392883	0.00025591017518546
0.0713758728749398	181.98	190	-30.4	13.397	13.397	0	64.9655922018616	12	0.228776440392883	0.000257126276670374
0.0717798789940503	181.98	190	-30.4	13.397	13.397	0	65.1350534241881	12	0.228776440392883	0.000258149342663925
0.0714712673179827	181.98	190	-30.4	13.397	13.397	0	65.0092309165761	12	0.228776440392883	0.000257222699969868
0.0715093553188638	181.98	190	-30.4	13.397	13.397	0	65.0182878398732	12	0.228776440392883	0.000257197622977676
0.0717196857375787	181.98	190	-30.4	13.397	13.397	0	65.172783177216	12	0.228776440392883	0.000258520840226454
0.071493795924313	181.98	190	-30.4	13.397	13.397	0	65.1255327212669	12	0.228776440392883	0.0002584803781851
0.071581850939612	181.98	190	-30.4	13.397	13.397	0	65.0892202168278	12	0.228776440392883	0.00025779822200042
0.0717873376013066	181.98	190	-30.4	13.397	13.397	0	65.0326560150906	12	0.228776440392883	0.000257139172752762
0.0716323655916456	181.98	190	-30.4	13.397	13.397	0	65.0218641542924	12	0.228776440392883	0.000256985181622226
0.0715707626988077	181.98	190	-30.4	13.397	13.397	0	64.9893880470342	12	0.228776440392883	0.000256724504753972
0.0718087943262933	181.98	190	-30.4	13.397	13.397	0	64.9868985411804	12	0.228776440392883	0.000256735124193251
0.0715511735137874	181.98	190	-30.4	13.397	13.397	0	64.8323272641688	12	0.228776440392883	0.000255060977381728
0.0718507010641932	181.98	190	-30.4	13.397	13.397	0	65.0251147941729	12	0.228776440392883	0.000257202879771587
0.0715340303466916	181.98	190	-30.4	13.397	13.397	0	65.0166399234403	12	0.228776440392883	0.000257108514672023
0.07184126799989	181.98	190	-30.4	13.397	13.397	0	65.0348522771903	12	0.228776440392883	0.000257270714070787
0.0717192821621345	181.98	190	-30.4	13.397	13.397	0	64.9397333800005	12	0.228776440392883	0.000256133077232889
0.0713667368005741	181.98	190	-30.4	13.397	13.397	0	64.9374444115809	12	0.228776440392883	0.000256837167706145
0.0715099411194117	181.98	190	-30.4	13.397	13.397	0	65.0059137775119	12	0.228776440392883	0.000257056202108576
0.071712160283622	181.98	190	-30.4	13.397	13.397	0	65.0361776627484	12	0.228776440392883	0.000257104888850254
0.0716091653286185	181.98	190	-30.4	13.397	13.397	0	65.1515101877593	12	0.228776440392883	0.000258427332875761
0.0716317079030572	181.98	190	-30.4	13.397	13.397	0	65.0879307298509	12	0.228776440392883	0.000257693949992419
0.0715926064173076	181.98	190	-30.4	13.397	13.397	0	65.1038699088276	12	0.228776440392883	0.000257936566914364
0.0717013519297617	181.98	190	-30.4	13.397	13.397	0	65.1999694035625	12	0.228776440392883	0.00025881869409983
0.0720184259081447	181.98	190	-30.4	13.397	13.397	0	65.121006552326	12	0.228776440392883	0.000258735207191231
0.0715275836092493	181.98	190	-30.4	13.397	13.397	0	65.0159953423651	12	0.228776440392883	0.000257118726378088
0.071706583956338	181.98	190	-30.4	13.397	13.397	0	65.1835594848848	12	0.228776440392883	0.000258640736058482
0.071505737626629	181.98	190	-30.4	13.397	13.397	0	65.0961148269189	12	0.228776440392883	0.000258096173720568
0.0713930000846082	181.98	190	-30.4	13.397	13.397	0	65.0701600578808	12	0.228776440392883	0.000258289496819548
0.0713215252541143	181.98	190	-30.4	13.397	13.397	0	65.1231874458008	12	0.228776440392883	0.000259370756383891
0.0714354744231614	181.98	190	-30.4	13.397	13.397	0	64.8937207086612	12	0.228776440392883	0.000256029701776691
0.0713628857341686	181.98	190	-30.4	13.397	13.397	0	65.0812499892139	12	0.228776440392883	0.000258591590562075
0.0715132219404165	181.98	190	-30.4	13.397	13.397	0	64.9536124049978	12	0.228776440392883	0.000256460810417538
0.071863444481122	181.98	190	-30.4	13.397	13.397	0	65.1093195128641	12	0.228776440392883	0.000258037635717382
0.0716752638693035	181.98	190	-30.4	13.397	13.397	0	65.1126980077455	12	0.228776440392883	0.000257911857683929
0.071531223271306	181.98	190	-30.4	13.397	13.397	0	65.0471209079053	12	0.228776440392883	0.000257457738407708
0.0716000696260405	181.98	190	-30.4	13.397	13.397	0	64.9693499437868	12	0.228776440392883	0.000256461590107321
0.0712106108019434	181.98	190	-30.4	13.397	13.397	0	64.9358535167848	12	0.228776440392883	0.000257800127576841
0.0715118641517836	181.98	190	-30.4	13.397	13.397	0	65.1181954344858	12	0.228776440392883	0.000258328074962534
0.0718043320586998	181.98	190	-30.4	13.397	13.397	0	65.0704159838173	12	0.228776440392883	0.000257537637785981
0.0712939478600961	181.98	190	-30.4	13.397	13.397	0	64.9632037208049	12	0.228776440392883	0.000257562900285279
0.071568329782207	181.98	190	-30.4	13.397	13.397	0	65.022918984543	12	0.228776440392883	0.000257096526997271
0.0715301058562664	181.98	190	-30.4	13.397	13.397	0	64.974295122095	12	0.228776440392883	0.000256647320361859
0.0714153013882918	181.98	190	-30.4	13.397	13.397	0	64.9800156380793	12	0.228776440392883	0.000257110336687397
0.0714358016660534	181.98	190	-30.4	13.397	13.397	0	64.8091738669003	12	0.228776440392883	0.000255069562870095
0.0716174869166149	181.98	190	-30.4	13.397	13.397	0	65.046094999422	12	0.228776440392883	0.000257262651459498
0.0715256894502297	181.98	190	-30.4	13.397	13.397	0	65.0025114955283	12	0.228776440392883	0.000256973050226409
0.0716500967777055	181.98	190	-30.4	13.397	13.397	0	64.9172966631674	12	0.228776440392883	0.000255878476490812
0.071754293040236	181.98	190	-30.4	13.397	13.397	0	65.1574548622408	12	0.228776440392883	0.000258361586212356
0.071538872205469	181.98	190	-30.4	13.397	13.397	0	65.0399856806211	12	0.228776440392883	0.000257356475219833
0.0716262447072832	181.98	190	-30.4	13.397	13.397	0	65.1296396315506	12	0.228776440392883	0.000258154781925631
0.0719171899803619	181.98	190	-30.4	13.397	13.397	0	64.9945255628225	12	0.228776440392883	0.000257145241380641
0.0718583662417723	181.98	190	-30.4	13.397	13.397	0	64.9667919289119	12	0.228776440392883	0.000256678415200633
0.071450745055631	181.98	190	-30.4	13.397	13.397	0	64.8593079484472	12	0.228776440392883	0.000255586687986238
0.0715240745312875	181.98	190	-30.4	13.397	13.397	0	64.9821780706262	12	0.228776440392883	0.000256750414294253
0.0714974257537364	181.98	190	-30.4	13.397	13.397	0	65.0041555066591	12	0.228776440392883	0.000257075085084425
0.0717384033436406	181.98	190	-30.4	13.397	13.397	0	65.0390012618713	12	0.228776440392883	0.000257146416844004
0.0714956218573951	181.98	190	-30.4	13.397	13.397	0	64.9836544356863	12	0.228776440392883	0.000256848763899281
0.0718607968004122	181.98	190	-30.4	13.397	13.397	0	65.1131647285068	12	0.228776440392883	0.000258068003002804
0.0716950688480799	181.98	190	-30.4	13.397	13.397	0	64.8649099217392	12	0.228776440392883	0.000255363972948282
0.0717066982610967	181.98	190	-30.4	13.397	13.397	0	65.1640223867195	12	0.228776440392883	0.000258434268977436
0.0714728563776723	181.98	190	-30.4	13.397	13.397	0	65.0216100258561	12	0.228776440392883	0.000257359134078562
0.0713266507337292	181.98	190	-30.4	13.397	13.397	0	65.0426721175128	12	0.228776440392883	0.000258337061457192
0.0714733225407057	181.98	190	-30.4	13.397	13.397	0	64.9968878521372	12	0.228776440392883	0.000257073744594303
0.0713870835416488	181.98	190	-30.4	13.397	13.397	0	64.8865655096444	12	0.228776440392883	0.000256141694047639
0.0713671488603371	181.98	190	-30.4	13.397	13.397	0	65.1024242848279	12	0.228776440392883	0.000258825463086906
0.07120869120998	181.98	190	-30.4	13.397	13.397	0	65.0424052870945	12	0.228776440392883	0.000259182954471753
0.071739382427982	181.98	190	-30.4	13.397	13.397	0	64.9314612891488	12	0.228776440392883	0.000256073252022277
0.071715473130425	181.98	190	-30.4	13.397	13.397	0	64.9806881516195	12	0.228776440392883	0.000256541811944184
0.0716030524194401	181.98	190	-30.4	13.397	13.397	0	65.0543431041244	12	0.228776440392883	0.000257374199431138
0.0714120418942881	181.98	190	-30.4	13.397	13.397	0	64.8431324432128	12	0.228776440392883	0.000255537509000116
0.0716918333884088	181.98	190	-30.4	13.397	13.397	0	65.075528733111	12	0.228776440392883	0.000257511972184057
0.0716151552844886	181.98	190	-30.4	13.397	13.397	0	65.0075049483025	12	0.228776440392883	0.000256851199527955
0.0715610432241671	181.98	190	-30.4	13.397	13.397	0	65.0261170290981	12	0.228776440392883	0.000257147605076999
0.0714311825203602	181.98	190	-30.4	13.397	13.397	0	64.9435264837777	12	0.228776440392883	0.000256618688747788
0.0714718315521263	181.98	190	-30.4	13.397	13.397	0	64.9764950207837	12	0.228776440392883	0.000256845889158577
0.0717130224671762	181.98	190	-30.4	13.397	13.397	0	65.0598387086763	12	0.228776440392883	0.000257347959497105
0.0716917042569217	181.98	190	-30.4	13.397	13.397	0	64.967969811767	12	0.228776440392883	0.000256401716392297
0.0715535475389125	181.98	190	-30.4	13.397	13.397	0	65.0486117269353	12	0.228776440392883	0.000257414655180103
0.0713768290414537	181.98	190	-30.4	13.397	13.397	0	64.9114838375421	12	0.228776440392883	0.00025648074998687
0.0713594337693672	181.98	190	-30.4	13.397	13.397	0	65.0157173337386	12	0.228776440392883	0.000257814644981835
0.0717329440555541	181.98	190	-30.4	13.397	13.397	0	64.9813447806152	12	0.228776440392883	0.00025656198840476
0.0715160809343712	181.98	190	-30.4	13.397	13.397	0	65.1087850302934	12	0.228776440392883	0.000258205299452108
0.07135650018744	181.98	190	-30.4	13.397	13.397	0	65.0229995159241	12	0.228776440392883	0.000257919264756307
0.0714509455875463	181.98	190	-30.4	13.397	13.397	0	65.0347791785893	12	0.228776440392883	0.000257597452780571
0.0715696213684665	181.98	190	-30.4	13.397	13.397	0	65.0395581204798	12	0.228776440392883	0.000257276900445547
0.0719903754080805	181.98	190	-30.4	13.397	13.397	0	65.1297333337545	12	0.228776440392883	0.000258675715202868
0.0717808480885187	181.98	190	-30.4	13.397	13.397	0	65.0587275748156	12	0.228776440392883	0.000257387084507772
0.071736972298718	181.98	190	-30.4	13.397	13.397	0	64.9664330631644	12	0.228776440392883	0.0002564171158877
0.0715825663323838	181.98	190	-30.4	13.397	13.397	0	65.0123220842328	12	0.228776440392883	0.000256952715839542
0.0713402298081363	181.98	190	-30.4	13.397	13.397	0	65.0045275615933	12	0.228776440392883	0.000257787946982915
0.071665054687839	181.98	190	-30.4	13.397	13.397	0	64.8683468184896	12	0.228776440392883	0.000255379282804799
0.0715911606061117	181.98	190	-30.4	13.397	13.397	0	64.8223373996738	12	0.228776440392883	0.00025491544107672
0.0715836028015339	181.98	190	-30.4	13.397	13.397	0	65.0396944093142	12	0.228776440392883	0.000257249659793489
0.071530207624951	181.98	190	-30.4	13.397	13.397	0	65.0417693642193	12	0.228776440392883	0.000257400485365012
0.0715008986986734	181.98	190	-30.4	13.397	13.397	0	65.0008529685146	12	0.228776440392883	0.000257026725816013
0.0713846483760339	181.98	190	-30.4	13.397	13.397	0	64.9816951537863	12	0.228776440392883	0.000257274118578304
0.0713670389685034	181.98	190	-30.4	13.397	13.397	0	65.0193525159017	12	0.228776440392883	0.000257816732267262
0.071540657522432	181.98	190	-30.4	13.397	13.397	0	64.9527883638107	12	0.228776440392883	0.00025638509875678
0.0716383397647593	181.98	190	-30.4	13.397	13.397	0	65.2032612811603	12	0.228776440392883	0.000258939265713402
0.0715040411434408	181.98	190	-30.4	13.397	13.397	0	64.9869630881279	12	0.228776440392883	0.000256860367020239
0.0718585091008065	181.98	190	-30.4	13.397	13.397	0	65.0414549914583	12	0.228776440392883	0.000257378909870195
0.0715046412556948	181.98	190	-30.4	13.397	13.397	0	65.1574477189268	12	0.228776440392883	0.000258808688933877
0.0717787069152076	181.98	190	-30.4	13.397	13.397	0	65.1780993917166	12	0.228776440392883	0.000258584666302887
0.0714943464845538	181.98	190	-30.4	13.397	13.397	0	65.0396841517335	12	0.228776440392883	0.000257489610199084
0.0714569833364823	181.98	190	-30.4	13.397	13.397	0	65.1235209760146	12	0.228776440392883	0.00025861182661843
0.0713960595204059	181.98	190	-30.4	13.397	13.397	0	65.0165991568136	12	0.228776440392883	0.000257632845220781
0.072021604656586	181.98	190	-30.4	13.397	13.397	0	64.8974442136094	12	0.228776440392883	0.000256853538561581
0.0713748528883355	181.98	190	-30.4	13.397	13.397	0	64.9619839080074	12	0.228776440392883	0.000257088441002301
0.0714421688770451	181.98	190	-30.4	13.397	13.397	0	65.0156580347086	12	0.228776440392883	0.000257411175322655
0.0718458922942498	181.98	190	-30.4	13.397	13.397	0	65.02894445518	12	0.228776440392883	0.000257226340585539
0.0718832773606672	181.98	190	-30.4	13.397	13.397	0	65.1239594850999	12	0.228776440392883	0.000258229172544637
0.0719114404622777	181.98	190	-30.4	13.397	13.397	0	65.0482028309531	12	0.228776440392883	0.000257611919352387
0.0715123354712911	181.98	190	-30.4	13.397	13.397	0	64.9495033129588	12	0.228776440392883	0.000256417388506756
0.0714811754199818	181.98	190	-30.4	13.397	13.397	0	65.0672363168408	12	0.228776440392883	0.000257853900792221
0.071533396755901	181.98	190	-30.4	13.397	13.397	0	65.0192096417737	12	0.228776440392883	0.000257138899860177
0.0717623246312801	181.98	190	-30.4	13.397	13.397	0	65.049679597354	12	0.228776440392883	0.000257274863232103
0.07135811567293	181.98	190	-30.4	13.397	13.397	0	65.0258008728226	12	0.228776440392883	0.00025794413266707
0.0717008568374821	181.98	190	-30.4	13.397	13.397	0	65.0626823391945	12	0.228776440392883	0.000257376774407583
0.0716182566829764	181.98	190	-30.4	13.397	13.397	0	64.9448910378862	12	0.228776440392883	0.000256182281892432
0.0717396813645365	181.98	190	-30.4	13.397	13.397	0	65.156938071302	12	0.228776440392883	0.000258353173419669
0.0713291895885136	181.98	190	-30.4	13.397	13.397	0	64.8631814397621	12	0.228776440392883	0.00025614476493789
0.071646061537678	181.98	190	-30.4	13.397	13.397	0	65.0566636723379	12	0.228776440392883	0.000257342004866848
0.0715204797123881	181.98	190	-30.4	13.397	13.397	0	65.0761817654992	12	0.228776440392883	0.000257818742915835
0.0717475303668197	181.98	190	-30.4	13.397	13.397	0	65.0270844610848	12	0.228776440392883	0.000257033885848006
0.071321354372092	181.98	190	-30.4	13.397	13.397	0	64.8956305326119	12	0.228776440392883	0.000256576140689935
0.0716046345369103	181.98	190	-30.4	13.397	13.397	0	65.0236789966859	12	0.228776440392883	0.000257039443076569
0.0713791276121599	181.98	190	-30.4	13.397	13.397	0	64.9939710064557	12	0.228776440392883	0.000257448213191887
0.0716184939848803	181.98	190	-30.4	13.397	13.397	0	65.0506419432531	12	0.228776440392883	0.000257310247456729
0.071521213621526	181.98	190	-30.4	13.397	13.397	0	65.0557064467149	12	0.228776440392883	0.000257584280680392
0.0714016031468795	181.98	190	-30.4	13.397	13.397	0	65.0388176574419	12	0.228776440392883	0.000257869976314925
0.0719028551118458	181.98	190	-30.4	13.397	13.397	0	65.013380306994	12	0.228776440392883	0.000257261125460035
0.0718300973162299	181.98	190	-30.4	13.397	13.397	0	65.0269338520656	12	0.228776440392883	0.000257167867292544
0.0720489842869773	181.98	190	-30.4	13.397	13.397	0	65.1165713725693	12	0.228776440392883	0.000258862566090426
0.0714878032928191	181.98	190	-30.4	13.397	13.397	0	64.9709326196976	12	0.228776440392883	0.000256729519966406
0.0714539016274567	181.98	190	-30.4	13.397	13.397	0	65.0255481812357	12	0.228776440392883	0.00025747800961345
0.0713663861712428	181.98	190	-30.4	13.397	13.397	0	65.0760635597226	12	0.228776440392883	0.000258508002239196
0.0713738444506734	181.98	190	-30.4	13.397	13.397	0	64.9757189147262	12	0.228776440392883	0.000257257244401633
0.071781830308942	181.98	190	-30.4	13.397	13.397	0	65.1811301278711	12	0.228776440392883	0.000258617579615819
0.0715305379001218	181.98	190	-30.4	13.397	13.397	0	65.0216459520151	12	0.228776440392883	0.000257173876230567
0.0716142650166275	181.98	190	-30.4	13.397	13.397	0	65.0887428887506	12	0.228776440392883	0.000257729491527734
0.0717444205725105	181.98	190	-30.4	13.397	13.397	0	65.0277892700042	12	0.228776440392883	0.000257038167499075
0.071444350909918	181.98	190	-30.4	13.397	13.397	0	64.969556746672	12	0.228776440392883	0.000256867575780801
0.0714700244551233	181.98	190	-30.4	13.397	13.397	0	65.0020900926304	12	0.228776440392883	0.000257145256666421
0.0715373992061944	181.98	190	-30.4	13.397	13.397	0	65.0588878435442	12	0.228776440392883	0.000257572444871622
0.0716280738136617	181.98	190	-30.4	13.397	13.397	0	65.1035152807826	12	0.228776440392883	0.000257867775597284
0.0716953199444599	181.98	190	-30.4	13.397	13.397	0	65.1233568809857	12	0.228776440392883	0.000258011737836646
0.0716551072538692	181.98	190	-30.4	13.397	13.397	0	65.1291091925286	12	0.228776440392883	0.000258107064880873
0.0717196102507923	181.98	190	-30.4	13.397	13.397	0	64.9319454163679	12	0.228776440392883	0.00025605559453518
0.0720342145617399	181.98	190	-30.4	13.397	13.397	0	64.8936505422415	12	0.228776440392883	0.000256905051002616
0.0714236251599648	181.98	190	-30.4	13.397	13.397	0	65.0367796670359	12	0.228776440392883	0.000257740302300755
0.0715119165307555	181.98	190	-30.4	13.397	13.397	0	65.0133286801164	12	0.228776440392883	0.000257133864838307
0.0720418779742448	181.98	190	-30.4	13.397	13.397	0	65.0774635498167	12	0.228776440392883	0.000258487363924421
0.0713231693009229	181.98	190	-30.4	13.397	13.397	0	64.8678239494228	12	0.228776440392883	0.00025623218992243
0.0715147688333568	181.98	190	-30.4	13.397	13.397	0	65.0089502122889	12	0.228776440392883	0.000257076085001167
0.0713427017887173	181.98	190	-30.4	13.397	13.397	0	64.9712040557705	12	0.228776440392883	0.000257369507375539
0.0715860349969708	181.98	190	-30.4	13.397	13.397	0	65.0496715159112	12	0.228776440392883	0.000257354175098286
0.0714074613621062	181.98	190	-30.4	13.397	13.397	0	65.0045727289339	12	0.228776440392883	0.000257435192017522
0.0718571859747094	181.98	190	-30.4	13.397	13.397	0	65.0143443813487	12	0.228776440392883	0.000257119489642172
0.0717511801888972	181.98	190	-30.4	13.397	13.397	0	65.0057818605679	12	0.228776440392883	0.000256824610517414
0.0715943908986298	181.98	190	-30.4	13.397	13.397	0	64.99081914572	12	0.228776440392883	0.000256700154684367
0.0719282229164284	181.98	190	-30.4	13.397	13.397	0	65.0202069143564	12	0.228776440392883	0.000257422183979507
0.0714992822179115	181.98	190	-30.4	13.397	13.397	0	64.9896875430422	12	0.228776440392883	0.000256905563824855
0.0715627004597902	181.98	190	-30.4	13.397	13.397	0	65.0051204647298	12	0.228776440392883	0.000256912795168342
0.0715288081920451	181.98	190	-30.4	13.397	13.397	0	64.8023997431933	12	0.228776440392883	0.000254773470455861
0.0713279626782889	181.98	190	-30.4	13.397	13.397	0	65.0196840403497	12	0.228776440392883	0.000258046220109826
0.0713554486222709	181.98	190	-30.4	13.397	13.397	0	64.9433283616947	12	0.228776440392883	0.000256965197266918
0.0713834669748529	181.98	190	-30.4	13.397	13.397	0	64.9142712192675	12	0.228776440392883	0.000256482615483502
0.0716093725846406	181.98	190	-30.4	13.397	13.397	0	65.0055596154758	12	0.228776440392883	0.000256837707314475
0.0717241202484261	181.98	190	-30.4	13.397	13.397	0	64.965644011871	12	0.228776440392883	0.00025639680026534
0.0714269854599867	181.98	190	-30.4	13.397	13.397	0	65.012477903361	12	0.228776440392883	0.000257439270105407
0.0714810396634194	181.98	190	-30.4	13.397	13.397	0	65.0283529413525	12	0.228776440392883	0.000257406716709875
0.0715102966078691	181.98	190	-30.4	13.397	13.397	0	64.9788972731897	12	0.228776440392883	0.000256751470348502
0.0713989029795118	181.98	190	-30.4	13.397	13.397	0	65.0582196384365	12	0.228776440392883	0.000258115428731722
0.0717870609642151	181.98	190	-30.4	13.397	13.397	0	64.9271440295412	12	0.228776440392883	0.00025611373859457
0.0715172696539031	181.98	190	-30.4	13.397	13.397	0	65.0541488203485	12	0.228776440392883	0.000257578883046612
0.0716567292003307	181.98	190	-30.4	13.397	13.397	0	65.1115291518412	12	0.228776440392883	0.000257916647109783
0.0720299305545173	181.98	190	-30.4	13.397	13.397	0	65.1175332456793	12	0.228776440392883	0.000258765377095035
0.0713609187870325	181.98	190	-30.4	13.397	13.397	0	64.883582786808	12	0.228776440392883	0.000256227401367811
0.0714455635310614	181.98	190	-30.4	13.397	13.397	0	64.9463206111475	12	0.228776440392883	0.00025659530114485
0.0717259156712515	181.98	190	-30.4	13.397	13.397	0	65.1255869987664	12	0.228776440392883	0.000258027825174913
0.0715207683517146	181.98	190	-30.4	13.397	13.397	0	65.004178241544	12	0.228776440392883	0.000257005286910739
0.0716189779223077	181.98	190	-30.4	13.397	13.397	0	65.1196998549552	12	0.228776440392883	0.000258058903254013
0.0716315480122359	181.98	190	-30.4	13.397	13.397	0	64.9048871849208	12	0.228776440392883	0.000255754903399223
0.0715057826501826	181.98	190	-30.4	13.397	13.397	0	64.8315438135228	12	0.228776440392883	0.000255131833508618
0.0715193905402016	181.98	190	-30.4	13.397	13.397	0	65.0180823529097	12	0.228776440392883	0.000257165321548058
0.0713520379632223	181.98	190	-30.4	13.397	13.397	0	64.8851317455063	12	0.228776440392883	0.000256289257059753
0.0716475299866327	181.98	190	-30.4	13.397	13.397	0	64.9029511491702	12	0.228776440392883	0.000255730799311637
0.0712880678228116	181.98	190	-30.4	13.397	13.397	0	65.0977622703431	12	0.228776440392883	0.000259283449231944
0.0718579913159764	181.98	190	-30.4	13.397	13.397	0	65.0817439639529	12	0.228776440392883	0.000257760309075363
0.0713587468815906	181.98	190	-30.4	13.397	13.397	0	64.8988663576571	12	0.228776440392883	0.000256418855623695
0.0715920877344377	181.98	190	-30.4	13.397	13.397	0	64.8407970276635	12	0.228776440392883	0.000255107897192428
0.0719409873910515	181.98	190	-30.4	13.397	13.397	0	65.036346194367	12	0.228776440392883	0.000257620889590758
0.0715016053741395	181.98	190	-30.4	13.397	13.397	0	65.0250162080443	12	0.228776440392883	0.000257298296988859
0.0716710267156384	181.98	190	-30.4	13.397	13.397	0	65.0286931854296	12	0.228776440392883	0.000257029988728996
0.0716458288192991	181.98	190	-30.4	13.397	13.397	0	65.0103869271718	12	0.228776440392883	0.000256851871169501
0.0714517532124335	181.98	190	-30.4	13.397	13.397	0	64.9156870263734	12	0.228776440392883	0.000256222406282166
0.0716490831964647	181.98	190	-30.4	13.397	13.397	0	65.0296962230184	12	0.228776440392883	0.000257053320077867
0.0714119462853734	181.98	190	-30.4	13.397	13.397	0	64.9186414856577	12	0.228776440392883	0.000256408669110961
0.0714774577598779	181.98	190	-30.4	13.397	13.397	0	65.0185733603539	12	0.228776440392883	0.000257307433722157
0.0716392473335862	181.98	190	-30.4	13.397	13.397	0	65.0952067212576	12	0.228776440392883	0.00025776225945681
0.0714779037687468	181.98	190	-30.4	13.397	13.397	0	64.9748908017121	12	0.228776440392883	0.000256806832412621
0.0718860569736809	181.98	190	-30.4	13.397	13.397	0	64.8975202679322	12	0.228776440392883	0.000256144779877796
0.0714802797153472	181.98	190	-30.4	13.397	13.397	0	64.9346853703752	12	0.228776440392883	0.000256343679332061
0.0718282452003299	181.98	190	-30.4	13.397	13.397	0	65.0931169165631	12	0.228776440392883	0.000257802947518254
0.0716081442429409	181.98	190	-30.4	13.397	13.397	0	64.9731898242811	12	0.228776440392883	0.000256492777663461
0.0718078209128084	181.98	190	-30.4	13.397	13.397	0	65.0463216077272	12	0.228776440392883	0.000257308192959419
0.0716849476538031	181.98	190	-30.4	13.397	13.397	0	65.1289265777244	12	0.228776440392883	0.000258076680320943
0.0717109150623681	181.98	190	-30.4	13.397	13.397	0	64.957102876205	12	0.228776440392883	0.000256300779981531
0.071853028497594	181.98	190	-30.4	13.397	13.397	0	65.0927179272572	12	0.228776440392883	0.000257853086902701
0.0714812797572382	181.98	190	-30.4	13.397	13.397	0	64.9474005043221	12	0.228776440392883	0.000256484098643723
0.071419430887034	181.98	190	-30.4	13.397	13.397	0	65.0593717518529	12	0.228776440392883	0.000258027341032052
0.0716973420306585	181.98	190	-30.4	13.397	13.397	0	65.123585899411	12	0.228776440392883	0.000258013187036861
0.0714459594092725	181.98	190	-30.4	13.397	13.397	0	64.9540097639907	12	0.228776440392883	0.000256682213454216
0.0713827881793303	181.98	190	-30.4	13.397	13.397	0	64.9370804776559	12	0.228776440392883	0.000256754510304653
0.0717714079752116	181.98	190	-30.4	13.397	13.397	0	65.1148675453967	12	0.228776440392883	0.000257938288390652
0.0714805253753923	181.98	190	-30.4	13.397	13.397	0	64.8984703386429	12	0.228776440392883	0.000255935865868236
0.0714797416141602	181.98	190	-30.4	13.397	13.397	0	64.9666243897177	12	0.228776440392883	0.000256706779415722
0.0718338637032299	181.98	190	-30.4	13.397	13.397	0	64.8041886199991	12	0.228776440392883	0.000255100791684545
0.0717372437669866	181.98	190	-30.4	13.397	13.397	0	65.1247830224069	12	0.228776440392883	0.000258020885380225
0.0718339951706509	181.98	190	-30.4	13.397	13.397	0	65.1233430174735	12	0.228776440392883	0.000258108708850594
0.0715161895554993	181.98	190	-30.4	13.397	13.397	0	65.1018980510093	12	0.228776440392883	0.000258126093207481
0.0714740951197718	181.98	190	-30.4	13.397	13.397	0	65.0422304563965	12	0.228776440392883	0.000257592062844595
0.0717379355609582	181.98	190	-30.4	13.397	13.397	0	65.0276284104447	12	0.228776440392883	0.000257031265315362
0.0715664444156745	181.98	190	-30.4	13.397	13.397	0	65.0369480038016	12	0.228776440392883	0.000257255087240616
0.0716002670491451	181.98	190	-30.4	13.397	13.397	0	65.0436306485602	12	0.228776440392883	0.000257262465435979
0.0715138644103699	181.98	190	-30.4	13.397	13.397	0	64.9996688730797	12	0.228776440392883	0.000256974365004984
0.0715095303233121	181.98	190	-30.4	13.397	13.397	0	64.972891306079	12	0.228776440392883	0.000256686332773547
0.0717142906521684	181.98	190	-30.4	13.397	13.397	0	65.1376589626121	12	0.228776440392883	0.000258154696233773
0.0713633212181825	181.98	190	-30.4	13.397	13.397	0	64.9111675162333	12	0.228776440392883	0.000256542116619743
0.071653850965512	181.98	190	-30.4	13.397	13.397	0	65.0174283485007	12	0.228776440392883	0.000256920629005907
0.0713488703623375	181.98	190	-30.4	13.397	13.397	0	64.8832179773357	12	0.228776440392883	0.000256282379218356
0.0714487248134773	181.98	190	-30.4	13.397	13.397	0	64.8989336262247	12	0.228776440392883	0.000256042201030719
0.0713393763616213	181.98	190	-30.4	13.397	13.397	0	64.8619172144695	12	0.228776440392883	0.000256077241337715
0.0713349778305253	181.98	190	-30.4	13.397	13.397	0	64.979696803311	12	0.228776440392883	0.000257516309861342
0.0713303699627769	181.98	190	-30.4	13.397	13.397	0	64.9707217117035	12	0.228776440392883	0.000257433847003676
0.071599334331219	181.98	190	-30.4	13.397	13.397	0	64.9822122744201	12	0.228776440392883	0.000256600484160696
0.0715157236415927	181.98	190	-30.4	13.397	13.397	0	65.0353550046897	12	0.228776440392883	0.000257370973754849
0.0713539135870808	181.98	190	-30.4	13.397	13.397	0	65.0199984185307	12	0.228776440392883	0.000257897480358505
0.0716293084343835	181.98	190	-30.4	13.397	13.397	0	65.0480952185433	12	0.228776440392883	0.000257268738440386
0.0714186269104301	181.98	190	-30.4	13.397	13.397	0	65.0156228977112	12	0.228776440392883	0.000257513808826594
0.0716972282323778	181.98	190	-30.4	13.397	13.397	0	65.0243656891804	12	0.228776440392883	0.000256980972690684
0.0719874363690175	181.98	190	-30.4	13.397	13.397	0	64.9096562290304	12	0.228776440392883	0.000256747312394489
0.0715851683189026	181.98	190	-30.4	13.397	13.397	0	65.0651277892149	12	0.228776440392883	0.000257525495550818
0.0714818317875029	181.98	190	-30.4	13.397	13.397	0	65.0721440882553	12	0.228776440392883	0.000257908118641134
0.0716131831220654	181.98	190	-30.4	13.397	13.397	0	65.0697024510142	12	0.228776440392883	0.000257524362280085
0.0713248933491981	181.98	190	-30.4	13.397	13.397	0	64.9808672131268	12	0.228776440392883	0.000257589557889837
0.0714759724106884	181.98	190	-30.4	13.397	13.397	0	65.1187978438261	12	0.228776440392883	0.000258473915524181
0.0715031659934596	181.98	190	-30.4	13.397	13.397	0	64.9941689784203	12	0.228776440392883	0.000256944236190328
0.0715112628767343	181.98	190	-30.4	13.397	13.397	0	64.9561117743875	12	0.228776440392883	0.000256493935701189
0.0715455866548586	181.98	190	-30.4	13.397	13.397	0	65.0653036242319	12	0.228776440392883	0.00025762176076637
0.0715766761894883	181.98	190	-30.4	13.397	13.397	0	64.8441127915373	12	0.228776440392883	0.000255156024052834
0.0718305704269477	181.98	190	-30.4	13.397	13.397	0	65.147024252376	12	0.228776440392883	0.000258334607526487
0.0714424847274399	181.98	190	-30.4	13.397	13.397	0	64.9156680735747	12	0.228776440392883	0.000256255213786884
0.0716862473109373	181.98	190	-30.4	13.397	13.397	0	65.0865133768222	12	0.228776440392883	0.000257628966221666
0.0713667012999619	181.98	190	-30.4	13.397	13.397	0	65.0423174676726	12	0.228776440392883	0.00025809620885961
0.0713983166932436	181.98	190	-30.4	13.397	13.397	0	65.03078891451	12	0.228776440392883	0.000257790651933994
0.0715747211233073	181.98	190	-30.4	13.397	13.397	0	64.8164462012812	12	0.228776440392883	0.000254866166545544
0.0715118258296548	181.98	190	-30.4	13.397	13.397	0	64.9663600425768	12	0.228776440392883	0.000256606846617792
0.0716322872923181	181.98	190	-30.4	13.397	13.397	0	64.9193715158666	12	0.228776440392883	0.000255905416876657
0.0716651658861715	181.98	190	-30.4	13.397	13.397	0	65.0637396209476	12	0.228776440392883	0.000257401222379382
0.0715801955779257	181.98	190	-30.4	13.397	13.397	0	65.0687251251032	12	0.228776440392883	0.000257575537678938
0.0716872527526668	181.98	190	-30.4	13.397	13.397	0	65.1327716406192	12	0.228776440392883	0.000258115791838183
0.0719926169842854	181.98	190	-30.4	13.397	13.397	0	65.0395761969295	12	0.228776440392883	0.000257891503820035
0.0716120939116406	181.98	190	-30.4	13.397	13.397	0	64.913339664814	12	0.228776440392883	0.000255854686685339
0.0716306101751196	181.98	190	-30.4	13.397	13.397	0	65.061926741526	12	0.228776440392883	0.000257415510745239
0.0713858592407196	181.98	190	-30.4	13.397	13.397	0	64.9656640666147	12	0.228776440392883	0.000257077883407296
0.0717209883452472	181.98	190	-30.4	13.397	13.397	0	64.9327560713104	12	0.228776440392883	0.000256065024782505
0.0715895160833672	181.98	190	-30.4	13.397	13.397	0	64.9819029959895	12	0.228776440392883	0.000256611327070188
0.0714196305083519	181.98	190	-30.4	13.397	13.397	0	64.9760740992976	12	0.228776440392883	0.00025704518174654
0.0714793783445533	181.98	190	-30.4	13.397	13.397	0	65.0425231946196	12	0.228776440392883	0.00025757563519989
0.0717252697326694	181.98	190	-30.4	13.397	13.397	0	65.118631768454	12	0.228776440392883	0.000257955800457864
0.0716386391170394	181.98	190	-30.4	13.397	13.397	0	64.9136052862692	12	0.228776440392883	0.000255842941792201
0.0715177184239045	181.98	190	-30.4	13.397	13.397	0	65.081396071618	12	0.228776440392883	0.000257886986386969
0.0719319817671431	181.98	190	-30.4	13.397	13.397	0	64.9813063187509	12	0.228776440392883	0.000257088969137034
0.0715268700021339	181.98	190	-30.4	13.397	13.397	0	65.0129334809066	12	0.228776440392883	0.000257086410771158
0.0713810413843353	181.98	190	-30.4	13.397	13.397	0	65.0315007655781	12	0.228776440392883	0.000257887885808577
0.0712972807032606	181.98	190	-30.4	13.397	13.397	0	64.8720513883879	12	0.228776440392883	0.000256427760619382
0.0715542233295426	181.98	190	-30.4	13.397	13.397	0	64.8182578010674	12	0.228776440392883	0.000254907065781272
0.0718572420956887	181.98	190	-30.4	13.397	13.397	0	64.9724326381147	12	0.228776440392883	0.000256727362985467
0.0715955096075592	181.98	190	-30.4	13.397	13.397	0	64.9905393330752	12	0.228776440392883	0.000256695481255141
0.0714837629388191	181.98	190	-30.4	13.397	13.397	0	64.8017756138293	12	0.228776440392883	0.000254854994752089
0.0716970960423656	181.98	190	-30.4	13.397	13.397	0	65.0343585553782	12	0.228776440392883	0.000257083985405463
0.0714916249254957	181.98	190	-30.4	13.397	13.397	0	64.9331235450304	12	0.228776440392883	0.000256291945860889
0.0715109549957068	181.98	190	-30.4	13.397	13.397	0	64.9555642341878	12	0.228776440392883	0.000256488659630147
0.0715694617692329	181.98	190	-30.4	13.397	13.397	0	65.0379823226631	12	0.228776440392883	0.000257259882705624
0.0714979505832896	181.98	190	-30.4	13.397	13.397	0	65.0191353071133	12	0.228776440392883	0.000257243385860722
0.0716295658153723	181.98	190	-30.4	13.397	13.397	0	65.0442117248019	12	0.228776440392883	0.000257226831925521
0.0714508136115463	181.98	190	-30.4	13.397	13.397	0	65.1219153175207	12	0.228776440392883	0.000258620980229835
0.0715679480603573	181.98	190	-30.4	13.397	13.397	0	64.963586678217	12	0.228776440392883	0.000256448741991279
0.0718887403221013	181.98	190	-30.4	13.397	13.397	0	65.0283217740768	12	0.228776440392883	0.000257348811662947
0.0716509669846336	181.98	190	-30.4	13.397	13.397	0	65.1750486942359	12	0.228776440392883	0.000258609259882732
0.0715633087294372	181.98	190	-30.4	13.397	13.397	0	65.0562182967983	12	0.228776440392883	0.00025747541772219
0.0715112407024641	181.98	190	-30.4	13.397	13.397	0	64.9877603958388	12	0.228776440392883	0.00025684819892476
0.0716439791762639	181.98	190	-30.4	13.397	13.397	0	65.0324419509649	12	0.228776440392883	0.000257086592600408
0.0714214636732324	181.98	190	-30.4	13.397	13.397	0	64.9447656293567	12	0.228776440392883	0.000256672528636549
0.0717748022267215	181.98	190	-30.4	13.397	13.397	0	64.9188041551309	12	0.228776440392883	0.000256008067505618
0.0715489597387828	181.98	190	-30.4	13.397	13.397	0	64.9934060483233	12	0.228776440392883	0.000256813898970925
0.0717171187356099	181.98	190	-30.4	13.397	13.397	0	65.023526491228	12	0.228776440392883	0.000256977372259061
0.0714453773994944	181.98	190	-30.4	13.397	13.397	0	65.0425899617954	12	0.228776440392883	0.000257712025245947
0.071506728944064	181.98	190	-30.4	13.397	13.397	0	65.0649348036328	12	0.228776440392883	0.000257735804268136
0.0713778521016988	181.98	190	-30.4	13.397	13.397	0	64.8959789508843	12	0.228776440392883	0.000256293555841073
0.0719228027973628	181.98	190	-30.4	13.397	13.397	0	64.9458360917486	12	0.228776440392883	0.000256732486020039
0.0716198119100506	181.98	190	-30.4	13.397	13.397	0	65.0370988010903	12	0.228776440392883	0.00025716270087983
0.0716902197628141	181.98	190	-30.4	13.397	13.397	0	65.1391778570648	12	0.228776440392883	0.000258181586178876
0.0716144219745255	181.98	190	-30.4	13.397	13.397	0	64.9971261591319	12	0.228776440392883	0.000256741054344091
0.0714629146126026	181.98	190	-30.4	13.397	13.397	0	64.9616405758659	12	0.228776440392883	0.000256707541570387
0.0714378331101381	181.98	190	-30.4	13.397	13.397	0	65.0608565651212	12	0.228776440392883	0.000257959427021133
0.0713753684163924	181.98	190	-30.4	13.397	13.397	0	64.9104031283957	12	0.228776440392883	0.000256474902397957
0.0716950032406974	181.98	190	-30.4	13.397	13.397	0	64.9607816052154	12	0.228776440392883	0.000256329572372973
0.0715130300119867	181.98	190	-30.4	13.397	13.397	0	64.7889532883266	12	0.228776440392883	0.000254655208006781
0.0719321533658848	181.98	190	-30.4	13.397	13.397	0	64.9889502594007	12	0.228776440392883	0.000257157991148137
0.0715561881788148	181.98	190	-30.4	13.397	13.397	0	65.0134566172737	12	0.228776440392883	0.000257018794950362
0.0714373289074837	181.98	190	-30.4	13.397	13.397	0	65.0644728732618	12	0.228776440392883	0.000258004293128807
0.0714331019990165	181.98	190	-30.4	13.397	13.397	0	64.9709946635445	12	0.228776440392883	0.000256929169956942
0.0715547017835932	181.98	190	-30.4	13.397	13.397	0	65.0137293316849	12	0.228776440392883	0.000257025183901074
0.0718911510989757	181.98	190	-30.4	13.397	13.397	0	64.9344457417241	12	0.228776440392883	0.00025649818960544
0.0713829809944295	181.98	190	-30.4	13.397	13.397	0	65.0123837956686	12	0.228776440392883	0.000257648575558883
0.0716415901935631	181.98	190	-30.4	13.397	13.397	0	64.8637723601073	12	0.228776440392883	0.000255328244988303
0.0716781796968868	181.98	190	-30.4	13.397	13.397	0	65.0016930350442	12	0.228776440392883	0.000256747297067196
0.0715907507865039	181.98	190	-30.4	13.397	13.397	0	65.0061580578319	12	0.228776440392883	0.000256871655986655
0.0715600935408166	181.98	190	-30.4	13.397	13.397	0	65.0330537263678	12	0.228776440392883	0.000257226400610853
0.0715056851314502	181.98	190	-30.4	13.397	13.397	0	65.0064855532053	12	0.228776440392883	0.000257075564353229
0.0717659379743766	181.98	190	-30.4	13.397	13.397	0	64.9373488115943	12	0.228776440392883	0.000256171354790834
0.071457396280832	181.98	190	-30.4	13.397	13.397	0	64.9819292194493	12	0.228776440392883	0.000256960288825032
0.071332986674621	181.98	190	-30.4	13.397	13.397	0	64.8868514982955	12	0.228776440392883	0.000256407669643933
0.0714798678858608	181.98	190	-30.4	13.397	13.397	0	65.0594683662527	12	0.228776440392883	0.000257769150097763
0.0714488213871459	181.98	190	-30.4	13.397	13.397	0	65.0513561830477	12	0.228776440392883	0.000257799842490785
0.0716363728111773	181.98	190	-30.4	13.397	13.397	0	65.1017081800495	12	0.228776440392883	0.000257836167969131
0.0717235016922073	181.98	190	-30.4	13.397	13.397	0	65.0346137217751	12	0.228776440392883	0.000257093137214503
0.0716115298367243	181.98	190	-30.4	13.397	13.397	0	65.0435730928249	12	0.228776440392883	0.000257244031559996
0.0713617606460503	181.98	190	-30.4	13.397	13.397	0	64.8290143954196	12	0.228776440392883	0.000255582213766111
0.071601025762447	181.98	190	-30.4	13.397	13.397	0	65.082293767512	12	0.228776440392883	0.000257682652527021
0.0713193972558917	181.98	190	-30.4	13.397	13.397	0	64.9594354494351	12	0.228776440392883	0.000257360653797814
0.0717526807801199	181.98	190	-30.4	13.397	13.397	0	65.0740669051651	12	0.228776440392883	0.000257511199961894
0.071976840610008	181.98	190	-30.4	13.397	13.397	0	65.0189000661474	12	0.228776440392883	0.000257631160586025
0.0713445025421838	181.98	190	-30.4	13.397	13.397	0	65.01319284686	12	0.228776440392883	0.000257868660153347
0.0716546886047477	181.98	190	-30.4	13.397	13.397	0	64.8937542768012	12	0.228776440392883	0.000255636068313671
0.0714555693172813	181.98	190	-30.4	13.397	13.397	0	64.9491710317326	12	0.228776440392883	0.000256591188961562
0.0716642980450829	181.98	190	-30.4	13.397	13.397	0	65.1824097708446	12	0.228776440392883	0.000258669955919685
0.0715679848452752	181.98	190	-30.4	13.397	13.397	0	65.0065483166432	12	0.228776440392883	0.000256917557002943
0.0717414063224904	181.98	190	-30.4	13.397	13.397	0	64.9323774124829	12	0.228776440392883	0.000256084967324576
0.0714884799766126	181.98	190	-30.4	13.397	13.397	0	65.0348789082702	12	0.228776440392883	0.00025745504450156
0.0715472838962617	181.98	190	-30.4	13.397	13.397	0	64.9399051821787	12	0.228776440392883	0.000256229943071817
0.0714969536956065	181.98	190	-30.4	13.397	13.397	0	65.0134217108926	12	0.228776440392883	0.000257181733686137
0.0714468674014395	181.98	190	-30.4	13.397	13.397	0	65.0653739727014	12	0.228776440392883	0.000257972478928625
0.0716371117619325	181.98	190	-30.4	13.397	13.397	0	64.912489037808	12	0.228776440392883	0.00025583185846494
0.0715291035439164	181.98	190	-30.4	13.397	13.397	0	64.8137707237375	12	0.228776440392883	0.000254895217205711
0.071642648014261	181.98	190	-30.4	13.397	13.397	0	65.1485329264027	12	0.228776440392883	0.000258333916321325
0.0713211843200951	181.98	190	-30.4	13.397	13.397	0	65.0563223140541	12	0.228776440392883	0.000258540259738811
0.071833777290708	181.98	190	-30.4	13.397	13.397	0	65.1092678626887	12	0.228776440392883	0.00025797104289164
0.071492766355943	181.98	190	-30.4	13.397	13.397	0	64.813419589057	12	0.228776440392883	0.000254962049451495
0.0713626297344684	181.98	190	-30.4	13.397	13.397	0	65.0095861205034	12	0.228776440392883	0.000257722959560628
0.0716532141390972	181.98	190	-30.4	13.397	13.397	0	64.8344375350831	12	0.228776440392883	0.000255031248644863
0.0715409305333782	181.98	190	-30.4	13.397	13.397	0	64.9547460147785	12	0.228776440392883	0.000256406021754426
0.0715555514467244	181.98	190	-30.4	13.397	13.397	0	65.0512005111685	12	0.228776440392883	0.000257438475866067
0.0718434932636563	181.98	190	-30.4	13.397	13.397	0	64.9361088064195	12	0.228776440392883	0.000256346356796988
0.0716048420664453	181.98	190	-30.4	13.397	13.397	0	64.905358793318	12	0.228776440392883	0.000255776502325687
0.0714634152494051	181.98	190	-30.4	13.397	13.397	0	65.0442238793235	12	0.228776440392883	0.00025765662744099
0.0716653958194792	181.98	190	-30.4	13.397	13.397	0	65.1742189074538	12	0.228776440392883	0.000258580057737446
0.0716787179625567	181.98	190	-30.4	13.397	13.397	0	64.8616884973203	12	0.228776440392883	0.000255319029245245
0.0715567013956968	181.98	190	-30.4	13.397	13.397	0	65.0092789453047	12	0.228776440392883	0.000256971556133414
0.0715262774894783	181.98	190	-30.4	13.397	13.397	0	64.9941446659146	12	0.228776440392883	0.000256878027873405
0.0715436997278926	181.98	190	-30.4	13.397	13.397	0	65.1817320811071	12	0.228776440392883	0.000258946872888051
0.0716567704005618	181.98	190	-30.4	13.397	13.397	0	65.282069785078	12	0.228776440392883	0.000259772548434929
0.0715214649462127	181.98	190	-30.4	13.397	13.397	0	65.0633868995024	12	0.228776440392883	0.000257670464685061
0.0714449430331728	181.98	190	-30.4	13.397	13.397	0	65.1399661300295	12	0.228776440392883	0.000258862781343787
0.071229099894634	181.98	190	-30.4	13.397	13.397	0	64.943921532384	12	0.228776440392883	0.000257764952237882
0.0715014143797782	181.98	190	-30.4	13.397	13.397	0	65.1004575521423	12	0.228776440392883	0.000258161671497176
0.071961745799933	181.98	190	-30.4	13.397	13.397	0	65.0129051147663	12	0.228776440392883	0.000257505196161988
0.0715228968441279	181.98	190	-30.4	13.397	13.397	0	64.8983533744348	12	0.228776440392883	0.000255826257833847
0.0714531840563042	181.98	190	-30.4	13.397	13.397	0	65.0326546527251	12	0.228776440392883	0.000257563516826307
0.0715543694042168	181.98	190	-30.4	13.397	13.397	0	65.1136677970805	12	0.228776440392883	0.000258140616236694
0.0714146599536536	181.98	190	-30.4	13.397	13.397	0	65.0404448862044	12	0.228776440392883	0.000257825666566742
0.0715593055751438	181.98	190	-30.4	13.397	13.397	0	65.0048606262089	12	0.228776440392883	0.000256917177428241
0.071728941566899	181.98	190	-30.4	13.397	13.397	0	65.0740648779674	12	0.228776440392883	0.000257497971470599
0.0715435732735594	181.98	190	-30.4	13.397	13.397	0	65.0648972012439	12	0.228776440392883	0.000257622706845784
0.0715425631135476	181.98	190	-30.4	13.397	13.397	0	65.267099915361	12	0.228776440392883	0.000259937161377464
0.071351529422802	181.98	190	-30.4	13.397	13.397	0	64.8895263352788	12	0.228776440392883	0.000256343951078089
