0.0716301045453602	181.98	190	-30.4	13.397	13.397	0	64.9930857721585	12	0.228776440392883	0.000256681720335005
0.0714483903611433	181.98	190	-30.4	13.397	13.397	0	64.7945604948127	12	0.228776440392883	0.000254867628131012
0.0717657282745222	181.98	190	-30.4	13.397	13.397	0	64.8829485367416	12	0.228776440392883	0.00025564432043935
0.0717207278309745	181.98	190	-30.4	13.397	13.397	0	64.8931007004565	12	0.228776440392883	0.000255670885802778
0.0716665079775133	181.98	190	-30.4	13.397	13.397	0	64.8757585001817	12	0.228776440392883	0.000255455000849408
0.0714345970922477	181.98	190	-30.4	13.397	13.397	0	64.8096179403056	12	0.228776440392883	0.000255078405778441
0.0714502210622162	181.98	190	-30.4	13.397	13.397	0	64.8721027794335	12	0.228776440392883	0.000255732884416615
0.0716874443402266	181.98	190	-30.4	13.397	13.397	0	64.8705600930402	12	0.228776440392883	0.000255414147223411
0.0715030012475737	181.98	190	-30.4	13.397	13.397	0	64.830186136979	12	0.228776440392883	0.000255122967596265
0.0715489475155439	181.98	190	-30.4	13.397	13.397	0	64.8041902117027	12	0.228776440392883	0.000254764055540145
0.0715743909748925	181.98	190	-30.4	13.397	13.397	0	65.0159816695992	12	0.228776440392883	0.000257008097815533
0.0716652713372416	181.98	190	-30.4	13.397	13.397	0	64.9278556257918	12	0.228776440392883	0.00025598650085078
0.0715576952738369	181.98	190	-30.4	13.397	13.397	0	64.9888260596532	12	0.228776440392883	0.000256744388124988
0.0712815793064219	181.98	190	-30.4	13.397	13.397	0	64.8651885552776	12	0.228776440392883	0.000256437265300001
0.0715710912958417	181.98	190	-30.4	13.397	13.397	0	64.8183792846245	12	0.228776440392883	0.000254889855983427
0.0715713629060455	181.98	190	-30.4	13.397	13.397	0	64.9731431371227	12	0.228776440392883	0.000256546508129199
0.0716054374665052	181.98	190	-30.4	13.397	13.397	0	64.8181544845734	12	0.228776440392883	0.000254864768844941
0.0716187807031632	181.98	190	-30.4	13.397	13.397	0	64.8989273023914	12	0.228776440392883	0.000255698981683503
0.0716112599767051	181.98	190	-30.4	13.397	13.397	0	64.9346493273268	12	0.228776440392883	0.000256080163315401
0.0713722687149241	181.98	190	-30.4	13.397	13.397	0	64.8404155786547	12	0.228776440392883	0.000255668453535576
0.0717333597943465	181.98	190	-30.4	13.397	13.397	0	64.9418053759681	12	0.228776440392883	0.000256168247042227
0.0716795964136675	181.98	190	-30.4	13.397	13.397	0	64.8839525141329	12	0.228776440392883	0.000255543814419
0.0715845249908446	181.98	190	-30.4	13.397	13.397	0	64.9253082404743	12	0.228776440392883	0.000256010310329873
0.0715263930315141	181.98	190	-30.4	13.397	13.397	0	64.819558081971	12	0.228776440392883	0.000254962113705994
0.0714561046964876	181.98	190	-30.4	13.397	13.397	0	64.9679077264314	12	0.228776440392883	0.000256803977524253
0.0713557036509422	181.98	190	-30.4	13.397	13.397	0	64.8432727519406	12	0.228776440392883	0.000255777258849996
0.0715694354510097	181.98	190	-30.4	13.397	13.397	0	64.8360073286716	12	0.228776440392883	0.000255077797239271
0.0715156936916501	181.98	190	-30.4	13.397	13.397	0	64.8709175184875	12	0.228776440392883	0.000255541215770995
0.0717119202740335	181.98	190	-30.4	13.397	13.397	0	64.8151157334754	12	0.228776440392883	0.00025489251526844
0.0714982651816296	181.98	190	-30.4	13.397	13.397	0	64.8426702907252	12	0.228776440392883	0.000255270426868854
0.0714655564747125	181.98	190	-30.4	13.397	13.397	0	64.842330961379	12	0.228776440392883	0.000255351307022382
0.0714039837060499	181.98	190	-30.4	13.397	13.397	0	64.8599140594832	12	0.228776440392883	0.000255761543504736
0.0715262803348332	181.98	190	-30.4	13.397	13.397	0	64.8849083501698	12	0.228776440392883	0.000255671813534684
0.0715518107694442	181.98	190	-30.4	13.397	13.397	0	64.7839767101059	12	0.228776440392883	0.000254546371856894
0.0714811686769941	181.98	190	-30.4	13.397	13.397	0	64.8051581342556	12	0.228776440392883	0.000254898310914734
0.0715215680406028	181.98	190	-30.4	13.397	13.397	0	64.9707091018265	12	0.228776440392883	0.000256629232745457
0.071333414244634	181.98	190	-30.4	13.397	13.397	0	64.8587154002425	12	0.228776440392883	0.000256069591215137
0.0715919000945365	181.98	190	-30.4	13.397	13.397	0	64.9630232810094	12	0.228776440392883	0.000256404626936733
0.0713973432722025	181.98	190	-30.4	13.397	13.397	0	64.9185726155246	12	0.228776440392883	0.000256470451992653
0.071625954376637	181.98	190	-30.4	13.397	13.397	0	64.9121947335452	12	0.228776440392883	0.000255833657220328
0.0716645946083307	181.98	190	-30.4	13.397	13.397	0	64.822781563376	12	0.228776440392883	0.000254919185033607
0.0714709165868048	181.98	190	-30.4	13.397	13.397	0	65.0014599306339	12	0.228776440392883	0.00025713478348559
0.0717456992394474	181.98	190	-30.4	13.397	13.397	0	64.9405455343742	12	0.228776440392883	0.000256171299522644
0.0716376823703311	181.98	190	-30.4	13.397	13.397	0	65.0097138597011	12	0.228776440392883	0.000256851201757097
0.0715715647186158	181.98	190	-30.4	13.397	13.397	0	64.9634326112791	12	0.228776440392883	0.000256440700852493
0.0717444001046501	181.98	190	-30.4	13.397	13.397	0	64.9065067788479	12	0.228776440392883	0.000255835059483379
0.0715914791217703	181.98	190	-30.4	13.397	13.397	0	65.0336542453078	12	0.228776440392883	0.000257169105869523
0.071740729743162	181.98	190	-30.4	13.397	13.397	0	64.8735271007748	12	0.228776440392883	0.000255507196828583
0.0716325463856238	181.98	190	-30.4	13.397	13.397	0	65.0060010828915	12	0.228776440392883	0.000256816429480917
0.0713266858928359	181.98	190	-30.4	13.397	13.397	0	64.8645547151855	12	0.228776440392883	0.000256174344809972
0.0716540789057205	181.98	190	-30.4	13.397	13.397	0	64.9281291772772	12	0.228776440392883	0.000255989774526002
0.0716408114069088	181.98	190	-30.4	13.397	13.397	0	64.8635745819577	12	0.228776440392883	0.000255326221512461
0.0716419914494622	181.98	190	-30.4	13.397	13.397	0	64.9695701851853	12	0.228776440392883	0.000256425197281537
0.0717440324567513	181.98	190	-30.4	13.397	13.397	0	64.87998798791	12	0.228776440392883	0.000255575581536654
0.071574615760653	181.98	190	-30.4	13.397	13.397	0	64.8464901158972	12	0.228776440392883	0.000255183272358232
0.0716525727823255	181.98	190	-30.4	13.397	13.397	0	64.92220754258	12	0.228776440392883	0.000255928834946592
0.0714645584059649	181.98	190	-30.4	13.397	13.397	0	64.8189461375033	12	0.228776440392883	0.000255093578972789
0.0715801882263922	181.98	190	-30.4	13.397	13.397	0	64.8354062245333	12	0.228776440392883	0.000255060861454847
0.0717306626095083	181.98	190	-30.4	13.397	13.397	0	64.9528192850874	12	0.228776440392883	0.000256274826662205
0.0717271640721539	181.98	190	-30.4	13.397	13.397	0	64.986799913984	12	0.228776440392883	0.000256611750948353
0.0715618778590484	181.98	190	-30.4	13.397	13.397	0	64.9348757838358	12	0.228776440392883	0.000256147816111042
0.0716490230796064	181.98	190	-30.4	13.397	13.397	0	64.9020934322323	12	0.228776440392883	0.000255721816025501
0.0714599354678119	181.98	190	-30.4	13.397	13.397	0	64.7843604987676	12	0.228776440392883	0.000254722336666866
0.0715694050407023	181.98	190	-30.4	13.397	13.397	0	64.8332717779015	12	0.228776440392883	0.000255048869832879
0.0714591003760069	181.98	190	-30.4	13.397	13.397	0	64.9795047673619	12	0.228776440392883	0.000256926070409862
0.0716630036019877	181.98	190	-30.4	13.397	13.397	0	64.9181061911147	12	0.228776440392883	0.000255886312669403
0.0717283373513006	181.98	190	-30.4	13.397	13.397	0	64.9455835226536	12	0.228776440392883	0.000256200319996888
0.0714842543263579	181.98	190	-30.4	13.397	13.397	0	64.988440555111	12	0.228776440392883	0.000256939679444374
0.0716316601641172	181.98	190	-30.4	13.397	13.397	0	64.8337638493611	12	0.228776440392883	0.000255020624675291
0.0714540044226151	181.98	190	-30.4	13.397	13.397	0	64.8130361544141	12	0.228776440392883	0.000255057543135453
0.0714592436342155	181.98	190	-30.4	13.397	13.397	0	64.8055929081674	12	0.228776440392883	0.000254959775726288
0.0717964611632795	181.98	190	-30.4	13.397	13.397	0	64.9331273166996	12	0.228776440392883	0.000256191937529483
0.0716788131218183	181.98	190	-30.4	13.397	13.397	0	64.9966805504129	12	0.228776440392883	0.000256695369663202
0.0714772373902863	181.98	190	-30.4	13.397	13.397	0	64.9939864662005	12	0.228776440392883	0.0002570267858744
0.0715233260284105	181.98	190	-30.4	13.397	13.397	0	64.8071942576537	12	0.228776440392883	0.00025483404663785
0.0714754596527457	181.98	190	-30.4	13.397	13.397	0	64.7983945137088	12	0.228776440392883	0.000254837720759947
0.0714041741594486	181.98	190	-30.4	13.397	13.397	0	64.8978205198533	12	0.228776440392883	0.000256199355272783
0.0714268304397533	181.98	190	-30.4	13.397	13.397	0	64.8750595522417	12	0.228776440392883	0.000255847926473379
0.0714753711867299	181.98	190	-30.4	13.397	13.397	0	64.9160869782845	12	0.228776440392883	0.000256149246629415
0.0715536994086114	181.98	190	-30.4	13.397	13.397	0	64.8321422872805	12	0.228776440392883	0.000255055606501875
0.0714454736838327	181.98	190	-30.4	13.397	13.397	0	64.7889310806425	12	0.228776440392883	0.000254813286489478
0.0719689878495422	181.98	190	-30.4	13.397	13.397	0	64.8741091217595	12	0.228776440392883	0.00025634098325493
0.0715949765249935	181.98	190	-30.4	13.397	13.397	0	64.9424731860849	12	0.228776440392883	0.00025618057196178
0.0718265317639598	181.98	190	-30.4	13.397	13.397	0	64.9528212769477	12	0.228776440392883	0.000256453999974109
0.0716376942930272	181.98	190	-30.4	13.397	13.397	0	64.9709750887238	12	0.228776440392883	0.000256442554370939
0.0713572008729416	181.98	190	-30.4	13.397	13.397	0	64.8634793730311	12	0.228776440392883	0.00025600802888075
0.0716915475663345	181.98	190	-30.4	13.397	13.397	0	64.9178398773216	12	0.228776440392883	0.000255892579746269
0.0718195999120187	181.98	190	-30.4	13.397	13.397	0	64.9279871252419	12	0.228776440392883	0.000256200973685563
0.0716112796367542	181.98	190	-30.4	13.397	13.397	0	64.9036845486421	12	0.228776440392883	0.000255753774333559
0.0716162169333715	181.98	190	-30.4	13.397	13.397	0	64.7921179099438	12	0.228776440392883	0.000254594376366424
0.0716099419348693	181.98	190	-30.4	13.397	13.397	0	64.9408677927708	12	0.228776440392883	0.000256147200582946
0.0714970728173242	181.98	190	-30.4	13.397	13.397	0	64.8580225802008	12	0.228776440392883	0.000255442233272511
0.0714660705521205	181.98	190	-30.4	13.397	13.397	0	64.8954726290116	12	0.228776440392883	0.000255945906210979
0.0717102038387223	181.98	190	-30.4	13.397	13.397	0	64.9196149792346	12	0.228776440392883	0.000255923761315065
0.0716683539035334	181.98	190	-30.4	13.397	13.397	0	65.0273786668681	12	0.228776440392883	0.000257017346655341
0.0714346035633466	181.98	190	-30.4	13.397	13.397	0	64.9124155937479	12	0.228776440392883	0.000256247079759118
0.0715246706174201	181.98	190	-30.4	13.397	13.397	0	64.8471432733788	12	0.228776440392883	0.000255263718590596
0.0715105348124422	181.98	190	-30.4	13.397	13.397	0	64.9708111017004	12	0.228776440392883	0.000256660214130771
0.071612417269484	181.98	190	-30.4	13.397	13.397	0	64.9522728266801	12	0.228776440392883	0.000256265686980492
0.0719592826301033	181.98	190	-30.4	13.397	13.397	0	64.8852011503664	12	0.228776440392883	0.000256382064033949
0.0715303262009701	181.98	190	-30.4	13.397	13.397	0	65.0579811755016	12	0.228776440392883	0.000257582591255254
0.0716379688685044	181.98	190	-30.4	13.397	13.397	0	64.9074778731073	12	0.228776440392883	0.000255779576198688
0.0716463628804201	181.98	190	-30.4	13.397	13.397	0	65.0191856346548	12	0.228776440392883	0.000256944344943202
0.0717419049285605	181.98	190	-30.4	13.397	13.397	0	64.9741486380754	12	0.228776440392883	0.000256499324557937
0.0716729444359738	181.98	190	-30.4	13.397	13.397	0	65.0003107650878	12	0.228776440392883	0.000256733834276145
0.0715567670526246	181.98	190	-30.4	13.397	13.397	0	65.0370197072817	12	0.228776440392883	0.000257278084564446
0.0718014463603475	181.98	190	-30.4	13.397	13.397	0	64.8249629012918	12	0.228776440392883	0.000255184702034432
0.0715577854606905	181.98	190	-30.4	13.397	13.397	0	64.8156601832166	12	0.228776440392883	0.000254875194560386
0.0715501800704579	181.98	190	-30.4	13.397	13.397	0	64.8954390376847	12	0.228776440392883	0.000255740968462262
0.0715367608021684	181.98	190	-30.4	13.397	13.397	0	64.8245328461162	12	0.228776440392883	0.000254998639599879
0.0716409344328627	181.98	190	-30.4	13.397	13.397	0	64.9227954707929	12	0.228776440392883	0.000255937618423276
0.0715611609526495	181.98	190	-30.4	13.397	13.397	0	64.9756756414654	12	0.228776440392883	0.000256593279737035
0.0716158731750007	181.98	190	-30.4	13.397	13.397	0	64.8138681463489	12	0.228776440392883	0.000254817709213153
0.0716707936818218	181.98	190	-30.4	13.397	13.397	0	64.9307753124547	12	0.228776440392883	0.00025601696313365
0.0717475108674353	181.98	190	-30.4	13.397	13.397	0	64.902152214379	12	0.228776440392883	0.000255797365811785
0.0713763358881247	181.98	190	-30.4	13.397	13.397	0	64.8843825424843	12	0.228776440392883	0.000256164390708705
0.0717709109744637	181.98	190	-30.4	13.397	13.397	0	64.8897295134382	12	0.228776440392883	0.000255720168360168
0.0715604712200633	181.98	190	-30.4	13.397	13.397	0	64.9372220858013	12	0.228776440392883	0.000256175738183947
0.0717759722773235	181.98	190	-30.4	13.397	13.397	0	64.9198307594371	12	0.228776440392883	0.000256020307227804
0.071551254121197	181.98	190	-30.4	13.397	13.397	0	64.804622911336	12	0.228776440392883	0.000254765807803089
0.0714808378179179	181.98	190	-30.4	13.397	13.397	0	64.9157774979322	12	0.228776440392883	0.000256129110658494
0.0716075593320523	181.98	190	-30.4	13.397	13.397	0	64.8547040598407	12	0.228776440392883	0.000255243547576295
0.0715892118564423	181.98	190	-30.4	13.397	13.397	0	64.8396836484593	12	0.228776440392883	0.000255098354903728
0.0714612181901631	181.98	190	-30.4	13.397	13.397	0	64.9450256820382	12	0.228776440392883	0.000256523819767999
0.0715755641426655	181.98	190	-30.4	13.397	13.397	0	64.9640908246597	12	0.228776440392883	0.00025644104489881
0.0718372508775519	181.98	190	-30.4	13.397	13.397	0	64.9526166475438	12	0.228776440392883	0.000256482012082481
0.0714727039716481	181.98	190	-30.4	13.397	13.397	0	64.8007542186782	12	0.228776440392883	0.00025487059580985
0.071729227731351	181.98	190	-30.4	13.397	13.397	0	64.875057922397	12	0.228776440392883	0.000255504405623767
0.0714682759237249	181.98	190	-30.4	13.397	13.397	0	64.9539980543765	12	0.228776440392883	0.000256601701514984
0.0716950235782066	181.98	190	-30.4	13.397	13.397	0	64.8821189921234	12	0.228776440392883	0.00025553581912146
0.0715127263838927	181.98	190	-30.4	13.397	13.397	0	64.927532526376	12	0.228776440392883	0.000256172190301554
0.0717392363076033	181.98	190	-30.4	13.397	13.397	0	64.878977224486	12	0.228776440392883	0.000255557913207528
0.0715414856050466	181.98	190	-30.4	13.397	13.397	0	64.8222886292665	12	0.228776440392883	0.000254967376324207
0.0715996144636462	181.98	190	-30.4	13.397	13.397	0	64.8323272641688	12	0.228776440392883	0.0002550146492523
0.0716689626236698	181.98	190	-30.4	13.397	13.397	0	64.8844267728797	12	0.228776440392883	0.000255543865353806
0.0713678417546875	181.98	190	-30.4	13.397	13.397	0	64.8505018136913	12	0.228776440392883	0.000255806060156521
0.0716320033694434	181.98	190	-30.4	13.397	13.397	0	64.8479295646272	12	0.228776440392883	0.000255165973464971
0.0716797417169379	181.98	190	-30.4	13.397	13.397	0	64.8933309068112	12	0.228776440392883	0.000255638648914796
0.0713860205564692	181.98	190	-30.4	13.397	13.397	0	64.8863761098493	12	0.228776440392883	0.0002561441738957
0.071640165334995	181.98	190	-30.4	13.397	13.397	0	64.9012971444401	12	0.228776440392883	0.000255714974865334
0.0714654834414494	181.98	190	-30.4	13.397	13.397	0	64.7824733758953	12	0.228776440392883	0.000254687099807094
0.0714222953313421	181.98	190	-30.4	13.397	13.397	0	64.8067326035486	12	0.228776440392883	0.000255086395041275
0.0714459765649109	181.98	190	-30.4	13.397	13.397	0	64.8885351887921	12	0.228776440392883	0.000255933431931582
0.0715511632074013	181.98	190	-30.4	13.397	13.397	0	65.017619773132	12	0.228776440392883	0.00025707644219848
0.0716066394322331	181.98	190	-30.4	13.397	13.397	0	64.8279952862207	12	0.228776440392883	0.000254966290537177
0.0715539683475064	181.98	190	-30.4	13.397	13.397	0	64.9943198665568	12	0.228776440392883	0.000256812785425251
0.0717485799432285	181.98	190	-30.4	13.397	13.397	0	64.937984026659	12	0.228776440392883	0.00025615011035972
0.0715013438754921	181.98	190	-30.4	13.397	13.397	0	64.9256850241698	12	0.228776440392883	0.000256181456326247
0.0716010325854017	181.98	190	-30.4	13.397	13.397	0	64.8375632024086	12	0.228776440392883	0.000255068430524452
0.0714556176412508	181.98	190	-30.4	13.397	13.397	0	64.821156049027	12	0.228776440392883	0.000255143534298914
0.0717338257564643	181.98	190	-30.4	13.397	13.397	0	64.9202197496592	12	0.228776440392883	0.00025595508479003
0.0715363332336681	181.98	190	-30.4	13.397	13.397	0	64.8937207086612	12	0.228776440392883	0.000255747743348645
0.0717497313128615	181.98	190	-30.4	13.397	13.397	0	64.97457810299	12	0.228776440392883	0.000256512860711935
0.0714988057721275	181.98	190	-30.4	13.397	13.397	0	64.9294929748273	12	0.228776440392883	0.000256230901931719
0.0714676328618006	181.98	190	-30.4	13.397	13.397	0	64.939590673107	12	0.228776440392883	0.000256440047215962
0.0716349321906565	181.98	190	-30.4	13.397	13.397	0	64.8971114750986	12	0.228776440392883	0.000255673003663975
0.0716841786137424	181.98	190	-30.4	13.397	13.397	0	64.9408395662046	12	0.228776440392883	0.00025612274749006
0.0714739509819075	181.98	190	-30.4	13.397	13.397	0	64.9701964070838	12	0.228776440392883	0.000256766785128676
0.0718188565637747	181.98	190	-30.4	13.397	13.397	0	64.9411410128729	12	0.228776440392883	0.000256323180198512
0.071388886514178	181.98	190	-30.4	13.397	13.397	0	64.9246031592492	12	0.228776440392883	0.000256579121279781
0.0715961735029232	181.98	190	-30.4	13.397	13.397	0	64.8123242031087	12	0.228776440392883	0.000254808286461898
0.0715687695695398	181.98	190	-30.4	13.397	13.397	0	64.8204682595554	12	0.228776440392883	0.000254914171178502
0.0715792722429981	181.98	190	-30.4	13.397	13.397	0	64.9163317286355	12	0.228776440392883	0.000255921198417448
0.0715194838428911	181.98	190	-30.4	13.397	13.397	0	64.8404491268361	12	0.228776440392883	0.000255200964613979
0.0716531893265385	181.98	190	-30.4	13.397	13.397	0	64.8586767338222	12	0.228776440392883	0.000255277459402727
0.0718163923818113	181.98	190	-30.4	13.397	13.397	0	64.9435548889455	12	0.228776440392883	0.000256339621420507
0.0716756772841591	181.98	190	-30.4	13.397	13.397	0	64.8903050329149	12	0.228776440392883	0.000255606136715855
0.0714060021503291	181.98	190	-30.4	13.397	13.397	0	64.919446640012	12	0.228776440392883	0.000256443093885189
0.0714415700844254	181.98	190	-30.4	13.397	13.397	0	64.8561034141035	12	0.228776440392883	0.000255580459870173
0.0716282200019314	181.98	190	-30.4	13.397	13.397	0	65.0444658211162	12	0.228776440392883	0.000257231161976576
0.0716278683163014	181.98	190	-30.4	13.397	13.397	0	64.836861818588	12	0.228776440392883	0.00025505259671041
0.0716308231564245	181.98	190	-30.4	13.397	13.397	0	64.9783928878564	12	0.228776440392883	0.000256525688876714
0.0716615895938711	181.98	190	-30.4	13.397	13.397	0	64.9168913922928	12	0.228776440392883	0.000255873762698313
0.0715558745294449	181.98	190	-30.4	13.397	13.397	0	64.8222839603158	12	0.228776440392883	0.000254947837735236
0.071501363621069	181.98	190	-30.4	13.397	13.397	0	64.8047664272282	12	0.228776440392883	0.000254849019941387
0.0714298863535272	181.98	190	-30.4	13.397	13.397	0	64.8570866423059	12	0.228776440392883	0.000255631768312541
0.0715975531048765	181.98	190	-30.4	13.397	13.397	0	64.9698702909403	12	0.228776440392883	0.000256470441726923
0.0716741900281191	181.98	190	-30.4	13.397	13.397	0	64.9206053443493	12	0.228776440392883	0.000255913651601997
0.0714542716186817	181.98	190	-30.4	13.397	13.397	0	64.793093923323	12	0.228776440392883	0.000254834604008452
0.07158862314279	181.98	190	-30.4	13.397	13.397	0	64.8372521368262	12	0.228776440392883	0.000255073298030904
0.0714203340501743	181.98	190	-30.4	13.397	13.397	0	64.8380884564786	12	0.228776440392883	0.000255449402447608
0.0713354393764144	181.98	190	-30.4	13.397	13.397	0	64.8256558599593	12	0.228776440392883	0.000255667117929848
0.0717025296642652	181.98	190	-30.4	13.397	13.397	0	64.8668139387617	12	0.228776440392883	0.000255390133299149
0.0718212433873647	181.98	190	-30.4	13.397	13.397	0	64.945345911017	12	0.228776440392883	0.000256369239030849
0.0715062568452893	181.98	190	-30.4	13.397	13.397	0	64.9956728467957	12	0.228776440392883	0.000256951842908378
0.0715500655548708	181.98	190	-30.4	13.397	13.397	0	64.8001047814104	12	0.228776440392883	0.000254719271076744
0.07154874895926	181.98	190	-30.4	13.397	13.397	0	64.8950548041578	12	0.228776440392883	0.000255739293073261
0.0716496003721942	181.98	190	-30.4	13.397	13.397	0	64.9046294145403	12	0.228776440392883	0.000255747888875351
0.0715324868454366	181.98	190	-30.4	13.397	13.397	0	64.9864397667017	12	0.228776440392883	0.000256776193228771
0.0716284013866126	181.98	190	-30.4	13.397	13.397	0	64.9030463426498	12	0.228776440392883	0.000255737059299565
0.0716263002958415	181.98	190	-30.4	13.397	13.397	0	64.9205347795248	12	0.228776440392883	0.000255920651574911
0.0714449535189744	181.98	190	-30.4	13.397	13.397	0	64.9228418341343	12	0.228776440392883	0.000256328319962347
0.071683508111591	181.98	190	-30.4	13.397	13.397	0	64.846152573487	12	0.228776440392883	0.00025516681869072
0.0717710932430599	181.98	190	-30.4	13.397	13.397	0	64.9102396147119	12	0.228776440392883	0.000255918066406881
0.0714356601816533	181.98	190	-30.4	13.397	13.397	0	64.9138878631823	12	0.228776440392883	0.000256260014230404
0.0716379621600923	181.98	190	-30.4	13.397	13.397	0	64.9041530793325	12	0.228776440392883	0.000255745109722294
0.0714460305658347	181.98	190	-30.4	13.397	13.397	0	64.8635366392398	12	0.228776440392883	0.00025564977919738
0.0714778147916227	181.98	190	-30.4	13.397	13.397	0	64.8301525503383	12	0.228776440392883	0.000255182508301846
0.0713625375053047	181.98	190	-30.4	13.397	13.397	0	64.8694476486188	12	0.228776440392883	0.000256052996113939
0.0715740908328549	181.98	190	-30.4	13.397	13.397	0	64.8391101591751	12	0.228776440392883	0.000255105754022617
0.071430040009283	181.98	190	-30.4	13.397	13.397	0	64.9271442965782	12	0.228776440392883	0.000256434024409362
0.0715355891671916	181.98	190	-30.4	13.397	13.397	0	64.9993065948706	12	0.228776440392883	0.000256911364831822
0.0715548544460892	181.98	190	-30.4	13.397	13.397	0	64.8439338058918	12	0.228776440392883	0.000255179934908004
0.0716275271046328	181.98	190	-30.4	13.397	13.397	0	64.8952750728158	12	0.228776440392883	0.000255656554732337
0.0718729515805594	181.98	190	-30.4	13.397	13.397	0	64.9379989058402	12	0.228776440392883	0.000256462126444466
0.07168374370567	181.98	190	-30.4	13.397	13.397	0	64.907820805329	12	0.228776440392883	0.000255787204758642
0.0716090898994296	181.98	190	-30.4	13.397	13.397	0	64.8923465186763	12	0.228776440392883	0.000255636294159712
0.0714431308504523	181.98	190	-30.4	13.397	13.397	0	64.8811021784553	12	0.228776440392883	0.000255858739412043
0.0715873080078701	181.98	190	-30.4	13.397	13.397	0	64.9107602444183	12	0.228776440392883	0.000255851556911658
0.0716833446367242	181.98	190	-30.4	13.397	13.397	0	64.8462103539568	12	0.228776440392883	0.000255167263646407
0.0716916759781238	181.98	190	-30.4	13.397	13.397	0	64.8958248912676	12	0.228776440392883	0.000255670791941179
0.0714793568978411	181.98	190	-30.4	13.397	13.397	0	64.7866526910424	12	0.228776440392883	0.000254699305988694
0.0717217763305342	181.98	190	-30.4	13.397	13.397	0	64.9368141915565	12	0.228776440392883	0.000256106280041021
0.0717443865853703	181.98	190	-30.4	13.397	13.397	0	64.9265999033327	12	0.228776440392883	0.000256032183419778
0.0715691740975466	181.98	190	-30.4	13.397	13.397	0	64.9088445379292	12	0.228776440392883	0.000255855128971385
0.0715821100279636	181.98	190	-30.4	13.397	13.397	0	64.8849763662738	12	0.228776440392883	0.000255583249715236
0.0715170374339167	181.98	190	-30.4	13.397	13.397	0	64.7935236830335	12	0.228776440392883	0.000254697481753396
0.0716329351900841	181.98	190	-30.4	13.397	13.397	0	64.8397636198116	12	0.228776440392883	0.000255082107988649
0.0715206008736446	181.98	190	-30.4	13.397	13.397	0	64.8278166865768	12	0.228776440392883	0.000255061751086602
0.0715670376750608	181.98	190	-30.4	13.397	13.397	0	64.992667257553	12	0.228776440392883	0.000256767484909213
0.0715556544511884	181.98	190	-30.4	13.397	13.397	0	64.8027477598228	12	0.228776440392883	0.000254740756024543
0.0715470402380755	181.98	190	-30.4	13.397	13.397	0	64.9611029312377	12	0.228776440392883	0.000256462626185197
0.0715927148305184	181.98	190	-30.4	13.397	13.397	0	64.9130944245232	12	0.228776440392883	0.000255870231930934
0.0715520635992009	181.98	190	-30.4	13.397	13.397	0	64.8539927720898	12	0.228776440392883	0.000255291555994118
0.0714437694007186	181.98	190	-30.4	13.397	13.397	0	64.8789914953501	12	0.228776440392883	0.000255832566324008
0.0714681406469788	181.98	190	-30.4	13.397	13.397	0	64.857274340612	12	0.228776440392883	0.000255510812647687
0.0714639426685425	181.98	190	-30.4	13.397	13.397	0	64.8122159570696	12	0.228776440392883	0.000255020470583946
0.0716269519480605	181.98	190	-30.4	13.397	13.397	0	64.8995433675965	12	0.228776440392883	0.000255701222412263
0.0714117885987556	181.98	190	-30.4	13.397	13.397	0	64.8523531316841	12	0.228776440392883	0.000255644160548183
0.0715483329031348	181.98	190	-30.4	13.397	13.397	0	65.0140985987614	12	0.228776440392883	0.000257044174572929
0.071698584097273	181.98	190	-30.4	13.397	13.397	0	64.8862393499754	12	0.228776440392883	0.000255579993552689
0.0714662917160261	181.98	190	-30.4	13.397	13.397	0	64.8141444979834	12	0.228776440392883	0.000255035515076458
0.0717544015274853	181.98	190	-30.4	13.397	13.397	0	64.9531887360593	12	0.228776440392883	0.000256308028094141
0.0717676686400519	181.98	190	-30.4	13.397	13.397	0	64.968583476142	12	0.228776440392883	0.000256479313270533
0.0714821376964783	181.98	190	-30.4	13.397	13.397	0	64.8764338103225	12	0.228776440392883	0.000255685055851954
0.0717429475680731	181.98	190	-30.4	13.397	13.397	0	64.9027212421058	12	0.228776440392883	0.000255795780412646
0.0715681446827601	181.98	190	-30.4	13.397	13.397	0	64.874533290121	12	0.228776440392883	0.000255489016621342
0.0714247109719555	181.98	190	-30.4	13.397	13.397	0	64.8657821196698	12	0.228776440392883	0.000255749619529204
0.0715235127452743	181.98	190	-30.4	13.397	13.397	0	64.7849096083361	12	0.228776440392883	0.000254594115876318
0.0714659905036348	181.98	190	-30.4	13.397	13.397	0	64.8098961611384	12	0.228776440392883	0.000254989186840844
0.071423602456967	181.98	190	-30.4	13.397	13.397	0	64.8724851405673	12	0.228776440392883	0.000255830413666993
0.0716734020704778	181.98	190	-30.4	13.397	13.397	0	64.8589678251909	12	0.228776440392883	0.000255288424641522
0.0714116301154751	181.98	190	-30.4	13.397	13.397	0	64.9168492597045	12	0.228776440392883	0.000256389175573753
0.0715671698183242	181.98	190	-30.4	13.397	13.397	0	64.8900877627719	12	0.228776440392883	0.000255656735105591
0.0716479383879809	181.98	190	-30.4	13.397	13.397	0	64.9193258107742	12	0.228776440392883	0.00025589981282319
0.071639978702039	181.98	190	-30.4	13.397	13.397	0	65.0299646794835	12	0.228776440392883	0.000257063910449548
0.0714271158198838	181.98	190	-30.4	13.397	13.397	0	64.9595783406159	12	0.228776440392883	0.000256821208496962
0.0713869595115243	181.98	190	-30.4	13.397	13.397	0	64.9395939367113	12	0.228776440392883	0.000256764479562522
0.0714172697646855	181.98	190	-30.4	13.397	13.397	0	64.9162142262822	12	0.228776440392883	0.000256358623990747
0.0716797886834074	181.98	190	-30.4	13.397	13.397	0	64.9941009406358	12	0.228776440392883	0.000256668643041942
0.0715351693520973	181.98	190	-30.4	13.397	13.397	0	65.072324474259	12	0.228776440392883	0.000257730083314348
0.0717703195164203	181.98	190	-30.4	13.397	13.397	0	64.9286934647029	12	0.228776440392883	0.000256095112740093
0.0715423523419129	181.98	190	-30.4	13.397	13.397	0	64.8834144585848	12	0.228776440392883	0.000255624523565515
0.0716172383510053	181.98	190	-30.4	13.397	13.397	0	65.0012388302951	12	0.228776440392883	0.000256781697064252
0.0714788666888159	181.98	190	-30.4	13.397	13.397	0	64.8681911753485	12	0.228776440392883	0.000255602248177391
0.0716092316661817	181.98	190	-30.4	13.397	13.397	0	64.8057463926716	12	0.228776440392883	0.000254735406374334
0.0712996327797482	181.98	190	-30.4	13.397	13.397	0	64.8740175530666	12	0.228776440392883	0.000256437962066281
0.0713984140395851	181.98	190	-30.4	13.397	13.397	0	64.9051168585109	12	0.228776440392883	0.000256308711587519
0.0714352985178711	181.98	190	-30.4	13.397	13.397	0	64.9204426158906	12	0.228776440392883	0.000256336643279974
0.0717174616861726	181.98	190	-30.4	13.397	13.397	0	65.0584182454983	12	0.228776440392883	0.000257334246011264
0.0715929391784624	181.98	190	-30.4	13.397	13.397	0	64.846510588113	12	0.228776440392883	0.000255167160280936
0.0717897496749153	181.98	190	-30.4	13.397	13.397	0	64.9588250150252	12	0.228776440392883	0.000256424388527839
0.0716565102485554	181.98	190	-30.4	13.397	13.397	0	64.8160140300253	12	0.228776440392883	0.000254846546272183
0.0720037287309368	181.98	190	-30.4	13.397	13.397	0	64.9101951650521	12	0.228776440392883	0.000256848000710178
0.0715229599229389	181.98	190	-30.4	13.397	13.397	0	64.8952368212972	12	0.228776440392883	0.000255791932017715
0.0714298224193858	181.98	190	-30.4	13.397	13.397	0	64.8065273087017	12	0.228776440392883	0.000255059017388881
0.0715086688434755	181.98	190	-30.4	13.397	13.397	0	64.787094368828	12	0.228776440392883	0.000254643008615254
0.0713568697715974	181.98	190	-30.4	13.397	13.397	0	64.906327398999	12	0.228776440392883	0.000256516742415587
0.0717018784426256	181.98	190	-30.4	13.397	13.397	0	64.9030059199127	12	0.228776440392883	0.000255750493910893
0.0718384801931454	181.98	190	-30.4	13.397	13.397	0	64.8050857637197	12	0.228776440392883	0.000255125911827793
0.0714672962257311	181.98	190	-30.4	13.397	13.397	0	64.9611208495034	12	0.228776440392883	0.000256686237292294
0.0717124331435443	181.98	190	-30.4	13.397	13.397	0	64.9800264765765	12	0.228776440392883	0.000256533283214294
0.0714470843187122	181.98	190	-30.4	13.397	13.397	0	64.86537275146	12	0.228776440392883	0.000255667074623098
0.071723085137933	181.98	190	-30.4	13.397	13.397	0	64.896638397369	12	0.228776440392883	0.00025570870799166
0.0715255920231188	181.98	190	-30.4	13.397	13.397	0	64.8294959373944	12	0.228776440392883	0.00025507084023452
0.0715074990958979	181.98	190	-30.4	13.397	13.397	0	64.9687394099357	12	0.228776440392883	0.000256645566549941
0.0715263925501385	181.98	190	-30.4	13.397	13.397	0	64.8854294301853	12	0.228776440392883	0.000255677274808211
0.0716629045561685	181.98	190	-30.4	13.397	13.397	0	64.8898316013026	12	0.228776440392883	0.000255597117481579
0.0716236528880761	181.98	190	-30.4	13.397	13.397	0	64.9013327958245	12	0.228776440392883	0.000255721451374027
0.0714299109400519	181.98	190	-30.4	13.397	13.397	0	64.9724944757255	12	0.228776440392883	0.000256959755692487
0.0714392416299925	181.98	190	-30.4	13.397	13.397	0	64.8498175186834	12	0.228776440392883	0.000255517072389118
0.0714952433099346	181.98	190	-30.4	13.397	13.397	0	64.8046945217619	12	0.228776440392883	0.000254861143160617
0.0716629855895313	181.98	190	-30.4	13.397	13.397	0	64.8936183576015	12	0.228776440392883	0.000255635765188977
0.0714171224629509	181.98	190	-30.4	13.397	13.397	0	64.8887699955807	12	0.228776440392883	0.000256042233969303
0.071661470095269	181.98	190	-30.4	13.397	13.397	0	65.0119230156531	12	0.228776440392883	0.000256858713202581
0.0715288081920451	181.98	190	-30.4	13.397	13.397	0	64.8023997431933	12	0.228776440392883	0.000254773470455861
0.0715155614640661	181.98	190	-30.4	13.397	13.397	0	64.933715064005	12	0.228776440392883	0.00025623359973599
0.0719273181871965	181.98	190	-30.4	13.397	13.397	0	64.8614789752269	12	0.228776440392883	0.000256011819766797
0.0716217652582614	181.98	190	-30.4	13.397	13.397	0	64.8524366416671	12	0.228776440392883	0.000255214258655841
0.0715877978784486	181.98	190	-30.4	13.397	13.397	0	64.8424841115766	12	0.228776440392883	0.000255128856466406
0.0714455872095218	181.98	190	-30.4	13.397	13.397	0	64.9199165825942	12	0.228776440392883	0.000256292560477924
0.0714180211900829	181.98	190	-30.4	13.397	13.397	0	64.8396066263908	12	0.228776440392883	0.000255475081715895
0.0715051461648202	181.98	190	-30.4	13.397	13.397	0	64.9923390548566	12	0.228776440392883	0.000256917613182602
0.0715384662094963	181.98	190	-30.4	13.397	13.397	0	64.8243765551095	12	0.228776440392883	0.00025499431287805
0.0713926652560919	181.98	190	-30.4	13.397	13.397	0	64.9180470344586	12	0.228776440392883	0.000256485091726251
0.071530001970296	181.98	190	-30.4	13.397	13.397	0	64.7806567569408	12	0.228776440392883	0.000254538775466008
0.0716550903719369	181.98	190	-30.4	13.397	13.397	0	64.8775323996419	12	0.228776440392883	0.000255470125474779
0.0717162645894052	181.98	190	-30.4	13.397	13.397	0	64.8191954939868	12	0.228776440392883	0.000254938842742764
0.0715652665197248	181.98	190	-30.4	13.397	13.397	0	64.8222739154957	12	0.228776440392883	0.00025493689958215
0.0714240879770038	181.98	190	-30.4	13.397	13.397	0	64.8899023900135	12	0.228776440392883	0.000256028348587897
0.0715456678256487	181.98	190	-30.4	13.397	13.397	0	64.8133173173076	12	0.228776440392883	0.000254865545896405
0.0715081976476943	181.98	190	-30.4	13.397	13.397	0	65.0028076655476	12	0.228776440392883	0.000257026425348062
0.0714235002473644	181.98	190	-30.4	13.397	13.397	0	64.928368195855	12	0.228776440392883	0.000256474105552098
0.0713680201428218	181.98	190	-30.4	13.397	13.397	0	64.9180054796291	12	0.228776440392883	0.000256600081184471
0.0714748165990445	181.98	190	-30.4	13.397	13.397	0	64.9925134806453	12	0.228776440392883	0.000257018419743748
0.0716219743275417	181.98	190	-30.4	13.397	13.397	0	64.8532013726793	12	0.228776440392883	0.000255222108835753
0.0715151885325865	181.98	190	-30.4	13.397	13.397	0	64.9842943280943	12	0.228776440392883	0.000256798150744813
0.071742017317526	181.98	190	-30.4	13.397	13.397	0	64.9670421039548	12	0.228776440392883	0.000256428810502897
0.0716417294684834	181.98	190	-30.4	13.397	13.397	0	65.0219771911056	12	0.228776440392883	0.000256977623598768
0.0715096469746219	181.98	190	-30.4	13.397	13.397	0	64.9453644925529	12	0.228776440392883	0.000256378439854858
0.0714689582116754	181.98	190	-30.4	13.397	13.397	0	64.8178393142528	12	0.228776440392883	0.000255069354684912
0.0715806844886569	181.98	190	-30.4	13.397	13.397	0	64.8465671934822	12	0.228776440392883	0.000255178047530047
0.0717207691943572	181.98	190	-30.4	13.397	13.397	0	64.9282579953935	12	0.228776440392883	0.000256019963495939
0.0714386467327181	181.98	190	-30.4	13.397	13.397	0	64.8883511929591	12	0.228776440392883	0.000255956970274973
0.0715395628131418	181.98	190	-30.4	13.397	13.397	0	64.8189604548409	12	0.228776440392883	0.000254934574084572
0.0713786571819497	181.98	190	-30.4	13.397	13.397	0	64.8966359629204	12	0.228776440392883	0.000256297565903903
0.0714913910806796	181.98	190	-30.4	13.397	13.397	0	64.9390790869323	12	0.228776440392883	0.000256359464594906
0.0716696226770477	181.98	190	-30.4	13.397	13.397	0	64.9781895820938	12	0.228776440392883	0.000256505145475868
0.0717381915833942	181.98	190	-30.4	13.397	13.397	0	64.9408299408647	12	0.228776440392883	0.000256164337437575
0.0714834396035387	181.98	190	-30.4	13.397	13.397	0	64.8031742333414	12	0.228776440392883	0.000254871111289626
0.0716191223034428	181.98	190	-30.4	13.397	13.397	0	64.9578475809573	12	0.228776440392883	0.000256318463742869
0.0715637293480835	181.98	190	-30.4	13.397	13.397	0	64.8309785402407	12	0.228776440392883	0.000255030841046507
0.0715827289671388	181.98	190	-30.4	13.397	13.397	0	64.8103337284162	12	0.228776440392883	0.000254795654583332
0.0718860569736809	181.98	190	-30.4	13.397	13.397	0	64.9540828982331	12	0.228776440392883	0.000256657034582046
0.0715359895139611	181.98	190	-30.4	13.397	13.397	0	64.9348804622316	12	0.228776440392883	0.00025619855442732
0.0715295235546634	181.98	190	-30.4	13.397	13.397	0	64.8124240012586	12	0.228776440392883	0.000254880044619858
0.0713415216404007	181.98	190	-30.4	13.397	13.397	0	64.9134623890313	12	0.228776440392883	0.000256681010753442
0.0715401926386075	181.98	190	-30.4	13.397	13.397	0	64.9319345889096	12	0.228776440392883	0.000256157286426892
0.0716227741626565	181.98	190	-30.4	13.397	13.397	0	64.8994007663355	12	0.228776440392883	0.000255701740394757
0.0714439587360706	181.98	190	-30.4	13.397	13.397	0	64.941762657743	12	0.228776440392883	0.000256548956300202
0.0715331039681487	181.98	190	-30.4	13.397	13.397	0	64.9197305587181	12	0.228776440392883	0.000256038564877233
0.0716269914580068	181.98	190	-30.4	13.397	13.397	0	64.8575732030611	12	0.228776440392883	0.000255266040217588
0.0715999999006848	181.98	190	-30.4	13.397	13.397	0	64.9182784568098	12	0.228776440392883	0.000255917588250003
0.071561182726707	181.98	190	-30.4	13.397	13.397	0	65.0468922867256	12	0.228776440392883	0.00025737705553719
0.0715113544873519	181.98	190	-30.4	13.397	13.397	0	64.9875159271338	12	0.228776440392883	0.000256845127676277
0.0715626622474356	181.98	190	-30.4	13.397	13.397	0	64.8638276093584	12	0.228776440392883	0.000255381925186631
0.0714524455284507	181.98	190	-30.4	13.397	13.397	0	64.8227086369685	12	0.228776440392883	0.000255170233812329
0.0715471411259216	181.98	190	-30.4	13.397	13.397	0	64.8133001998767	12	0.228776440392883	0.000254863382641198
0.0716070198019323	181.98	190	-30.4	13.397	13.397	0	64.9077747283548	12	0.228776440392883	0.000255800141971419
0.0715560866122295	181.98	190	-30.4	13.397	13.397	0	65.0084958343671	12	0.228776440392883	0.000256964292478077
0.0715275483595474	181.98	190	-30.4	13.397	13.397	0	64.9471431966019	12	0.228776440392883	0.000256352886774717
0.0715571873747823	181.98	190	-30.4	13.397	13.397	0	65.0249278373347	12	0.228776440392883	0.000257143238683909
0.0716898181568099	181.98	190	-30.4	13.397	13.397	0	64.9538627534229	12	0.228776440392883	0.000256257261596744
0.0716738586505137	181.98	190	-30.4	13.397	13.397	0	64.8819007166442	12	0.228776440392883	0.000255520232200198
0.0717228092569553	181.98	190	-30.4	13.397	13.397	0	64.9288705237092	12	0.228776440392883	0.000256028146463691
0.0713394185367877	181.98	190	-30.4	13.397	13.397	0	64.8729796360021	12	0.228776440392883	0.000256208582527828
0.071376147018035	181.98	190	-30.4	13.397	13.397	0	64.8988964294789	12	0.228776440392883	0.000256335745283199
0.0714844249979794	181.98	190	-30.4	13.397	13.397	0	64.9859568851609	12	0.228776440392883	0.000256910876304611
0.0715870657391445	181.98	190	-30.4	13.397	13.397	0	64.9278040389626	12	0.228776440392883	0.000256033722308468
0.0716286818430483	181.98	190	-30.4	13.397	13.397	0	64.965916217734	12	0.228776440392883	0.000256395716542013
0.071473797782855	181.98	190	-30.4	13.397	13.397	0	64.9382358856124	12	0.228776440392883	0.000256404379742034
0.0717179614941012	181.98	190	-30.4	13.397	13.397	0	64.7942227237563	12	0.228776440392883	0.00025469871580063
0.0716758507444222	181.98	190	-30.4	13.397	13.397	0	65.0162606656379	12	0.228776440392883	0.000256898866722354
0.0715546523652585	181.98	190	-30.4	13.397	13.397	0	64.8989336262247	12	0.228776440392883	0.000255771165864122
0.0717307169492713	181.98	190	-30.4	13.397	13.397	0	64.9392973514214	12	0.228776440392883	0.000256140351186276
0.0716759715965421	181.98	190	-30.4	13.397	13.397	0	64.9121515003416	12	0.228776440392883	0.000255828030543409
0.071731020061288	181.98	190	-30.4	13.397	13.397	0	64.9639924348917	12	0.228776440392883	0.000256386640139075
0.0715109024356174	181.98	190	-30.4	13.397	13.397	0	64.8939792361999	12	0.228776440392883	0.000255805593585513
0.0718457186485202	181.98	190	-30.4	13.397	13.397	0	64.9585010622993	12	0.228776440392883	0.000256562050945299
0.0715826553601569	181.98	190	-30.4	13.397	13.397	0	64.9044135512375	12	0.228776440392883	0.000255789504121196
0.0720466150391783	181.98	190	-30.4	13.397	13.397	0	64.8946864760626	12	0.228776440392883	0.000256997615310452
0.0717580216923755	181.98	190	-30.4	13.397	13.397	0	64.927266573146	12	0.228776440392883	0.000256059658944983
0.07178631628422	181.98	190	-30.4	13.397	13.397	0	64.9145906501385	12	0.228776440392883	0.000255991726668783
0.0716222210859333	181.98	190	-30.4	13.397	13.397	0	64.8985637420453	12	0.228776440392883	0.000255693291093665
0.0717824762068635	181.98	190	-30.4	13.397	13.397	0	64.9174848411448	12	0.228776440392883	0.000256011158288341
0.0715745923731736	181.98	190	-30.4	13.397	13.397	0	64.8448786338087	12	0.228776440392883	0.000255166244005093
0.0717412877591365	181.98	190	-30.4	13.397	13.397	0	65.0043159818214	12	0.228776440392883	0.000256799826248073
0.0716484125794857	181.98	190	-30.4	13.397	13.397	0	64.9802631758977	12	0.228776440392883	0.000256533726262444
0.0717365552746642	181.98	190	-30.4	13.397	13.397	0	64.9046438085784	12	0.228776440392883	0.000255805272624193
0.0713721736307162	181.98	190	-30.4	13.397	13.397	0	64.9044164214765	12	0.228776440392883	0.000256419439469029
0.071406410563829	181.98	190	-30.4	13.397	13.397	0	64.901916184159	12	0.228776440392883	0.000256237561880407
0.071669703738814	181.98	190	-30.4	13.397	13.397	0	64.9121495002588	12	0.228776440392883	0.000255826316877065
0.0713667458242367	181.98	190	-30.4	13.397	13.397	0	64.9603459294422	12	0.228776440392883	0.00025711004963026
0.0717550354959255	181.98	190	-30.4	13.397	13.397	0	64.9201046321782	12	0.228776440392883	0.000255984839649978
0.0715580388509111	181.98	190	-30.4	13.397	13.397	0	64.8414694678283	12	0.228776440392883	0.000255149384700976
0.0715625771069704	181.98	190	-30.4	13.397	13.397	0	64.8331570954231	12	0.228776440392883	0.000255055305739474
0.0716777097071156	181.98	190	-30.4	13.397	13.397	0	64.9037334291177	12	0.228776440392883	0.000255743125680282
0.0716483279297915	181.98	190	-30.4	13.397	13.397	0	64.8261056554852	12	0.228776440392883	0.000254945145689255
0.0716375255898159	181.98	190	-30.4	13.397	13.397	0	64.858852824154	12	0.228776440392883	0.000255277844866376
0.0715302180804112	181.98	190	-30.4	13.397	13.397	0	64.9951791411332	12	0.228776440392883	0.000256879203018674
0.0714078036138482	181.98	190	-30.4	13.397	13.397	0	64.8826729036874	12	0.228776440392883	0.00025600896099381
0.071498995173625	181.98	190	-30.4	13.397	13.397	0	64.8246701756515	12	0.228776440392883	0.000255071376953045
0.071707176114199	181.98	190	-30.4	13.397	13.397	0	64.9709107117421	12	0.228776440392883	0.000256438037447868
0.0715784790282607	181.98	190	-30.4	13.397	13.397	0	64.7970236919371	12	0.228776440392883	0.000254659463080826
0.071478901270497	181.98	190	-30.4	13.397	13.397	0	64.806704291161	12	0.228776440392883	0.000254920823137597
0.0716371727759793	181.98	190	-30.4	13.397	13.397	0	64.8638519518266	12	0.228776440392883	0.000255329234843854
0.0716062344841961	181.98	190	-30.4	13.397	13.397	0	64.8539014874838	12	0.228776440392883	0.000255235896699358
0.0716530349258793	181.98	190	-30.4	13.397	13.397	0	64.9522064173938	12	0.228776440392883	0.000256239334120647
0.0715377897902058	181.98	190	-30.4	13.397	13.397	0	64.7973824923786	12	0.228776440392883	0.000254706335347089
0.0715510647230201	181.98	190	-30.4	13.397	13.397	0	64.8106251616881	12	0.228776440392883	0.00025482983139352
0.0715321168335698	181.98	190	-30.4	13.397	13.397	0	64.8166144960992	12	0.228776440392883	0.000254920916132557
0.0716073401248128	181.98	190	-30.4	13.397	13.397	0	64.903784259984	12	0.228776440392883	0.000255757846341278
0.0716799595469047	181.98	190	-30.4	13.397	13.397	0	65.0131410196742	12	0.228776440392883	0.000256865656674311
0.0713842756633946	181.98	190	-30.4	13.397	13.397	0	64.8454754476534	12	0.228776440392883	0.000255675462647351
0.0716952281557984	181.98	190	-30.4	13.397	13.397	0	64.9241771919677	12	0.228776440392883	0.000255958690805728
0.0714509463188713	181.98	190	-30.4	13.397	13.397	0	64.8410545792201	12	0.228776440392883	0.000255380543821235
0.0715707752136161	181.98	190	-30.4	13.397	13.397	0	64.9779025584456	12	0.228776440392883	0.000256599336608434
0.0716496051527182	181.98	190	-30.4	13.397	13.397	0	64.9205069978294	12	0.228776440392883	0.000255911719310724
0.0716294591725641	181.98	190	-30.4	13.397	13.397	0	64.9129398085861	12	0.228776440392883	0.00025583967300599
0.0717071337066809	181.98	190	-30.4	13.397	13.397	0	64.8755391215803	12	0.228776440392883	0.000255481567489762
0.0715224120145203	181.98	190	-30.4	13.397	13.397	0	64.8298355480162	12	0.228776440392883	0.000255080273731409
0.0719478877922228	181.98	190	-30.4	13.397	13.397	0	64.9527214355518	12	0.228776440392883	0.000256909255214223
0.0713826912181029	181.98	190	-30.4	13.397	13.397	0	64.9460500150786	12	0.228776440392883	0.000256860962329354
0.0716495698202913	181.98	190	-30.4	13.397	13.397	0	64.8444739987422	12	0.228776440392883	0.000255132056690971
0.0716587479789287	181.98	190	-30.4	13.397	13.397	0	65.0036465760683	12	0.228776440392883	0.00025677337495271
0.071581738667726	181.98	190	-30.4	13.397	13.397	0	64.8820698430592	12	0.228776440392883	0.000255552790647219
0.0716706596694012	181.98	190	-30.4	13.397	13.397	0	64.9829361153374	12	0.228776440392883	0.000256554128666749
0.0716089801796338	181.98	190	-30.4	13.397	13.397	0	64.9727067382679	12	0.228776440392883	0.000256486658436227
0.0715207812930519	181.98	190	-30.4	13.397	13.397	0	64.9126142232868	12	0.228776440392883	0.000255987814245607
0.0715118168365393	181.98	190	-30.4	13.397	13.397	0	64.9438406829105	12	0.228776440392883	0.000256355712091221
0.0716401465562111	181.98	190	-30.4	13.397	13.397	0	65.0044368655959	12	0.228776440392883	0.000256793355729057
0.0717100789627672	181.98	190	-30.4	13.397	13.397	0	64.9378803632711	12	0.228776440392883	0.000256106753330712
0.0716979979684455	181.98	190	-30.4	13.397	13.397	0	64.8561333428059	12	0.228776440392883	0.000255279430266241
0.0715156689251908	181.98	190	-30.4	13.397	13.397	0	64.982245670054	12	0.228776440392883	0.000256773883020743
0.0717118053670323	181.98	190	-30.4	13.397	13.397	0	64.9130942279919	12	0.228776440392883	0.000255860043989084
0.0715888475983731	181.98	190	-30.4	13.397	13.397	0	64.8016314445953	12	0.228776440392883	0.00025470092934971
0.0713506366022398	181.98	190	-30.4	13.397	13.397	0	64.840282421602	12	0.228776440392883	0.000255766034871543
0.0715792056476219	181.98	190	-30.4	13.397	13.397	0	64.9915529602719	12	0.228776440392883	0.000256732727346895
0.0715503599091338	181.98	190	-30.4	13.397	13.397	0	64.9281409668137	12	0.228776440392883	0.000256095592050029
0.0716173443254947	181.98	190	-30.4	13.397	13.397	0	64.9616744172954	12	0.228776440392883	0.000256360619344222
0.07159331966214	181.98	190	-30.4	13.397	13.397	0	64.9113626650636	12	0.228776440392883	0.0002558511742742
0.0714403363056716	181.98	190	-30.4	13.397	13.397	0	64.9291152975341	12	0.228776440392883	0.000256417283963574
0.0715802264552204	181.98	190	-30.4	13.397	13.397	0	64.8443094442198	12	0.228776440392883	0.000255154659979593
0.0717122795731903	181.98	190	-30.4	13.397	13.397	0	64.9075224264378	12	0.228776440392883	0.000255804920614653
0.0715279488781859	181.98	190	-30.4	13.397	13.397	0	64.8836523324683	12	0.228776440392883	0.000255654671638786
0.0716782998375132	181.98	190	-30.4	13.397	13.397	0	65.0234297859208	12	0.228776440392883	0.000256972819053275
0.0716578933848501	181.98	190	-30.4	13.397	13.397	0	64.9332886221694	12	0.228776440392883	0.000256042580397938
0.0714446946511138	181.98	190	-30.4	13.397	13.397	0	64.8819907481155	12	0.228776440392883	0.000255863466549747
0.071732274537935	181.98	190	-30.4	13.397	13.397	0	64.9292470666413	12	0.228776440392883	0.000256042456484441
0.071708626358035	181.98	190	-30.4	13.397	13.397	0	64.9034622307818	12	0.228776440392883	0.000255760954446218
0.0716293782092363	181.98	190	-30.4	13.397	13.397	0	64.7873508435772	12	0.228776440392883	0.000254546800978853
0.0716482454118233	181.98	190	-30.4	13.397	13.397	0	64.9180098073684	12	0.228776440392883	0.000255886148165737
0.0717328243254798	181.98	190	-30.4	13.397	13.397	0	64.9434304979764	12	0.228776440392883	0.000256183773063172
0.0716445433609364	181.98	190	-30.4	13.397	13.397	0	64.9112969504751	12	0.228776440392883	0.000255817458227997
0.0714310343459667	181.98	190	-30.4	13.397	13.397	0	64.9368374645406	12	0.228776440392883	0.000256541985086277
0.0714650631506115	181.98	190	-30.4	13.397	13.397	0	64.8100254671905	12	0.228776440392883	0.000254993113435432
0.0715958872524783	181.98	190	-30.4	13.397	13.397	0	64.8918487681497	12	0.228776440392883	0.00025564188297004
0.0716194936892588	181.98	190	-30.4	13.397	13.397	0	64.8188192297158	12	0.228776440392883	0.00025486808809135
0.0714810441328294	181.98	190	-30.4	13.397	13.397	0	64.9393852513508	12	0.228776440392883	0.00025639432223908
0.0717194938264201	181.98	190	-30.4	13.397	13.397	0	64.9683073363626	12	0.228776440392883	0.000256419790354934
0.0714190205399249	181.98	190	-30.4	13.397	13.397	0	64.9399475399737	12	0.228776440392883	0.000256626701970722
0.0715587732460659	181.98	190	-30.4	13.397	13.397	0	64.9434347295599	12	0.228776440392883	0.000256246301686722
0.0715129019313734	181.98	190	-30.4	13.397	13.397	0	64.8253763984924	12	0.228776440392883	0.000255050018976631
0.0717047496515243	181.98	190	-30.4	13.397	13.397	0	64.9516816343483	12	0.228776440392883	0.000256242123985056
0.0716690163246867	181.98	190	-30.4	13.397	13.397	0	64.8585458701376	12	0.228776440392883	0.000255281833913147
0.0717090691611912	181.98	190	-30.4	13.397	13.397	0	64.8859398373722	12	0.228776440392883	0.000255586896032718
0.0715482752999561	181.98	190	-30.4	13.397	13.397	0	64.8234543106521	12	0.228776440392883	0.000254970188559718
0.0714800039737242	181.98	190	-30.4	13.397	13.397	0	65.0352069117462	12	0.228776440392883	0.000257489178319971
0.0715096040323507	181.98	190	-30.4	13.397	13.397	0	64.8330974798194	12	0.228776440392883	0.000255140767570921
0.0713621841848975	181.98	190	-30.4	13.397	13.397	0	64.8855531357565	12	0.228776440392883	0.000256244574385222
0.0714709732162853	181.98	190	-30.4	13.397	13.397	0	64.8211854384344	12	0.228776440392883	0.000255101097833862
0.0713699044915164	181.98	190	-30.4	13.397	13.397	0	64.8930840790651	12	0.228776440392883	0.000256296590557109
0.0713617606460503	181.98	190	-30.4	13.397	13.397	0	64.9020323581202	12	0.228776440392883	0.000256441533131089
0.0717400133116681	181.98	190	-30.4	13.397	13.397	0	65.0409477114849	12	0.228776440392883	0.000257167232504102
0.0714811604318586	181.98	190	-30.4	13.397	13.397	0	64.8931690958026	12	0.228776440392883	0.000255874685983814
0.0715963837530542	181.98	190	-30.4	13.397	13.397	0	64.9018552060572	12	0.228776440392883	0.000255747222672367
0.0717360370835821	181.98	190	-30.4	13.397	13.397	0	64.9390093258897	12	0.228776440392883	0.000256143677406396
0.0714801914465215	181.98	190	-30.4	13.397	13.397	0	64.9518724056929	12	0.228776440392883	0.000256538134080291
0.0714700541234255	181.98	190	-30.4	13.397	13.397	0	64.8785650324862	12	0.228776440392883	0.000255743606744142
0.071625286349341	181.98	190	-30.4	13.397	13.397	0	64.9337244947248	12	0.228776440392883	0.000256059481871805
0.0715878853492369	181.98	190	-30.4	13.397	13.397	0	64.8636222863559	12	0.228776440392883	0.00025535128387578
0.0713868122560555	181.98	190	-30.4	13.397	13.397	0	64.8918431975676	12	0.228776440392883	0.000256204557293974
0.071485419886962	181.98	190	-30.4	13.397	13.397	0	64.8516810426449	12	0.228776440392883	0.000255401254532596
0.07150771854157	181.98	190	-30.4	13.397	13.397	0	64.8134745792719	12	0.228776440392883	0.000254930901178757
0.0715268821130909	181.98	190	-30.4	13.397	13.397	0	64.928686248384	12	0.228776440392883	0.00025615079633546
0.0715639472133724	181.98	190	-30.4	13.397	13.397	0	64.9297618046972	12	0.228776440392883	0.000256088899837751
0.0713875038507611	181.98	190	-30.4	13.397	13.397	0	64.9285067656284	12	0.228776440392883	0.000256631373391055
0.0714971521087732	181.98	190	-30.4	13.397	13.397	0	64.8910075527262	12	0.228776440392883	0.000255806897394177
0.0714762288082334	181.98	190	-30.4	13.397	13.397	0	64.9819776101966	12	0.228776440392883	0.000256893238688805
0.0715936274874742	181.98	190	-30.4	13.397	13.397	0	65.0355704667787	12	0.228776440392883	0.000257186187947608
0.0716512430562203	181.98	190	-30.4	13.397	13.397	0	65.0674564370044	12	0.228776440392883	0.000257451908268415
0.0713688046531866	181.98	190	-30.4	13.397	13.397	0	64.8818280506191	12	0.228776440392883	0.0002561692333187
0.07155089446347	181.98	190	-30.4	13.397	13.397	0	64.930274634556	12	0.228776440392883	0.000256117810796676
0.0716341425840085	181.98	190	-30.4	13.397	13.397	0	64.8852334930494	12	0.228776440392883	0.000255550227055693
0.0717034873309673	181.98	190	-30.4	13.397	13.397	0	64.9753334481427	12	0.228776440392883	0.000256481078239704
0.0713241061984852	181.98	190	-30.4	13.397	13.397	0	64.8900827425437	12	0.228776440392883	0.000256494233485032
0.0714322903045267	181.98	190	-30.4	13.397	13.397	0	64.9851869602884	12	0.228776440392883	0.000257097531509445
0.0714904039807778	181.98	190	-30.4	13.397	13.397	0	64.8018985888315	12	0.228776440392883	0.000254841188475133
0.071587282075809	181.98	190	-30.4	13.397	13.397	0	64.8517365371186	12	0.228776440392883	0.000255226574679399
0.0713176952230024	181.98	190	-30.4	13.397	13.397	0	64.8370018869798	12	0.228776440392883	0.000255892653037768
0.0715979137203736	181.98	190	-30.4	13.397	13.397	0	64.8787381816215	12	0.228776440392883	0.000255501841760108
0.0715216708777474	181.98	190	-30.4	13.397	13.397	0	64.9518490175391	12	0.228776440392883	0.000256419370455684
0.0715543512488557	181.98	190	-30.4	13.397	13.397	0	64.9180215291974	12	0.228776440392883	0.000255978295724343
0.0716666736590873	181.98	190	-30.4	13.397	13.397	0	64.9166744832997	12	0.228776440392883	0.000255872028417446
0.0713353085498552	181.98	190	-30.4	13.397	13.397	0	64.8675372392927	12	0.228776440392883	0.000256164898597997
0.0714245547161545	181.98	190	-30.4	13.397	13.397	0	64.8591392834923	12	0.228776440392883	0.000255674292696187
0.0714841135741031	181.98	190	-30.4	13.397	13.397	0	64.9730961879186	12	0.228776440392883	0.000256765895462453
0.0713967349726214	181.98	190	-30.4	13.397	13.397	0	64.895543084625	12	0.228776440392883	0.000256204402150592
0.0715832251564166	181.98	190	-30.4	13.397	13.397	0	64.9302975534124	12	0.228776440392883	0.000256065456766821
0.0717548282978977	181.98	190	-30.4	13.397	13.397	0	64.9133664919519	12	0.228776440392883	0.000255918769725074
0.0714012201525507	181.98	190	-30.4	13.397	13.397	0	64.859979584839	12	0.228776440392883	0.000255773369198921
0.0716793526278598	181.98	190	-30.4	13.397	13.397	0	64.8640834664812	12	0.228776440392883	0.000255343513110596
0.0715542218901477	181.98	190	-30.4	13.397	13.397	0	64.8184576533904	12	0.228776440392883	0.000254909192794774
0.0715773226428803	181.98	190	-30.4	13.397	13.397	0	64.8255697764761	12	0.228776440392883	0.000254959860896315
0.0715231748780377	181.98	190	-30.4	13.397	13.397	0	64.8093611290694	12	0.228776440392883	0.000254857663356983
0.0714076549351124	181.98	190	-30.4	13.397	13.397	0	64.9040074002596	12	0.228776440392883	0.000256256651593222
0.0713466584776857	181.98	190	-30.4	13.397	13.397	0	64.8212695692719	12	0.228776440392883	0.000255561210815133
0.0716276428071615	181.98	190	-30.4	13.397	13.397	0	64.8849878910324	12	0.228776440392883	0.000255549627589641
0.0715852515663636	181.98	190	-30.4	13.397	13.397	0	64.9536307166763	12	0.228776440392883	0.000256313097115274
0.0713986187405202	181.98	190	-30.4	13.397	13.397	0	64.8678693506754	12	0.228776440392883	0.000255875174700648
