0.0718777472281694	181.98	190	-30.4	13.397	13.397	0	65.140964250111	12	0.228776440392883	0.000258376549568931
0.0716619202919596	181.98	190	-30.4	13.397	13.397	0	65.2438775755613	12	0.228776440392883	0.000259342542544257
0.0716369991671985	181.98	190	-30.4	13.397	13.397	0	65.2729784890978	12	0.228776440392883	0.000259714042701196
0.0716560598272761	181.98	190	-30.4	13.397	13.397	0	65.2662439684304	12	0.228776440392883	0.000259599106177258
0.0719799365147501	181.98	190	-30.4	13.397	13.397	0	65.2481097699895	12	0.228776440392883	0.000259706725759676
0.0712912015084526	181.98	190	-30.4	13.397	13.397	0	65.2546774628005	12	0.228776440392883	0.000261268617653655
0.0715319215069129	181.98	190	-30.4	13.397	13.397	0	65.0366771157151	12	0.228776440392883	0.000257338478780402
0.0717781079531376	181.98	190	-30.4	13.397	13.397	0	65.0766290068644	12	0.228776440392883	0.000257561643610695
0.0714563062485054	181.98	190	-30.4	13.397	13.397	0	65.0473035138937	12	0.228776440392883	0.000257721198454864
0.071715801652963	181.98	190	-30.4	13.397	13.397	0	65.3348324751728	12	0.228776440392883	0.000260253669869927
0.0715390717566231	181.98	190	-30.4	13.397	13.397	0	65.0563317330788	12	0.228776440392883	0.000257539064492344
0.0714488639765559	181.98	190	-30.4	13.397	13.397	0	65.1377416052298	12	0.228776440392883	0.000258817667127413
0.071541004781941	181.98	190	-30.4	13.397	13.397	0	65.2314481474311	12	0.228776440392883	0.000259529062592399
0.0719226778390687	181.98	190	-30.4	13.397	13.397	0	65.3009637827151	12	0.228776440392883	0.000260027555574268
0.0718480590862265	181.98	190	-30.4	13.397	13.397	0	65.1978098097931	12	0.228776440392883	0.000258864502339831
0.0719207616900492	181.98	190	-30.4	13.397	13.397	0	65.331434205017	12	0.228776440392883	0.000260318505309566
0.0713010382107291	181.98	190	-30.4	13.397	13.397	0	65.0114482404699	12	0.228776440392883	0.0002581140140108
0.0713894645296833	181.98	190	-30.4	13.397	13.397	0	64.9771973090187	12	0.228776440392883	0.000257197102565358
0.0713454226684544	181.98	190	-30.4	13.397	13.397	0	65.0361958945322	12	0.228776440392883	0.000258143752813457
0.0716044623696304	181.98	190	-30.4	13.397	13.397	0	65.0417869814732	12	0.228776440392883	0.000257235595319131
0.0715960191830508	181.98	190	-30.4	13.397	13.397	0	65.2574826626942	12	0.228776440392883	0.000259646184427236
0.071611043477957	181.98	190	-30.4	13.397	13.397	0	64.8839525141329	12	0.228776440392883	0.00025554701084902
0.0717568242717978	181.98	190	-30.4	13.397	13.397	0	65.2555856754754	12	0.228776440392883	0.00025937932370763
0.0718981622504684	181.98	190	-30.4	13.397	13.397	0	65.2227238921433	12	0.228776440392883	0.000259212456221128
0.0719391673215192	181.98	190	-30.4	13.397	13.397	0	65.0386447676714	12	0.228776440392883	0.000257633897857812
0.0714083890401553	181.98	190	-30.4	13.397	13.397	0	65.1076145784009	12	0.228776440392883	0.000258659106751523
0.0711714951146544	181.98	190	-30.4	13.397	13.397	0	64.9494213423226	12	0.228776440392883	0.000258284003829104
0.071347489443752	181.98	190	-30.4	13.397	13.397	0	65.0992626536574	12	0.228776440392883	0.000258905379698037
0.0718547973975454	181.98	190	-30.4	13.397	13.397	0	65.1185879112755	12	0.228776440392883	0.000258106062723548
0.0719999679168468	181.98	190	-30.4	13.397	13.397	0	65.2568043420162	12	0.228776440392883	0.000259865070061947
0.0713691847812384	181.98	190	-30.4	13.397	13.397	0	65.1040821343737	12	0.228776440392883	0.000258833782939478
0.0715163297167386	181.98	190	-30.4	13.397	13.397	0	65.0304496163803	12	0.228776440392883	0.000257313726407694
0.0713408908862901	181.98	190	-30.4	13.397	13.397	0	65.024066863212	12	0.228776440392883	0.000258022341873954
0.072040744638434	181.98	190	-30.4	13.397	13.397	0	65.2663215916108	12	0.228776440392883	0.000260130648086822
0.0714882225148084	181.98	190	-30.4	13.397	13.397	0	65.1109596361	12	0.228776440392883	0.000258333030330788
0.0714425715307401	181.98	190	-30.4	13.397	13.397	0	64.8485888623975	12	0.228776440392883	0.000255492154527054
0.0712572577774888	181.98	190	-30.4	13.397	13.397	0	65.1366276155078	12	0.228776440392883	0.000260011260684344
0.0721335693200969	181.98	190	-30.4	13.397	13.397	0	65.0255288078252	12	0.228776440392883	0.000258680279584022
0.0716712437344045	181.98	190	-30.4	13.397	13.397	0	65.370724955836	12	0.228776440392883	0.000260727417445236
0.0719311814656088	181.98	190	-30.4	13.397	13.397	0	65.1718673905464	12	0.228776440392883	0.00025882591003689
0.0718124793281638	181.98	190	-30.4	13.397	13.397	0	65.1684974158902	12	0.228776440392883	0.000258520314838133
0.0714457358449709	181.98	190	-30.4	13.397	13.397	0	65.17636400874	12	0.228776440392883	0.000259293371719402
0.0720340351365554	181.98	190	-30.4	13.397	13.397	0	65.1199954936926	12	0.228776440392883	0.000258808865311069
0.0717190034924878	181.98	190	-30.4	13.397	13.397	0	65.2878063264438	12	0.228776440392883	0.000259742307967478
0.0716484512384151	181.98	190	-30.4	13.397	13.397	0	65.1103409255291	12	0.228776440392883	0.000257913442480345
0.0717334170410676	181.98	190	-30.4	13.397	13.397	0	65.109364140877	12	0.228776440392883	0.000257861369259231
0.071703664037891	181.98	190	-30.4	13.397	13.397	0	65.2130310827236	12	0.228776440392883	0.000258955991064924
0.071444369421668	181.98	190	-30.4	13.397	13.397	0	65.2663311729055	12	0.228776440392883	0.000260386442392113
0.0717399671046045	181.98	190	-30.4	13.397	13.397	0	65.201494358072	12	0.228776440392883	0.000258816386474153
0.0720001970754386	181.98	190	-30.4	13.397	13.397	0	65.0181484332701	12	0.228776440392883	0.000257745556286333
0.0720179788210428	181.98	190	-30.4	13.397	13.397	0	65.3724643278738	12	0.228776440392883	0.000261001528780894
0.0713491740466683	181.98	190	-30.4	13.397	13.397	0	64.897389677029	12	0.228776440392883	0.000256449329258027
0.0717425939755516	181.98	190	-30.4	13.397	13.397	0	65.1891268767123	12	0.228776440392883	0.000258687239583131
0.0718502242620765	181.98	190	-30.4	13.397	13.397	0	65.1534042215794	12	0.228776440392883	0.000258433645407005
0.0716166437808236	181.98	190	-30.4	13.397	13.397	0	65.2498425508955	12	0.228776440392883	0.00025950424600063
0.071580968810329	181.98	190	-30.4	13.397	13.397	0	65.1734158379869	12	0.228776440392883	0.000258739244105833
0.0717400050909973	181.98	190	-30.4	13.397	13.397	0	65.2238717286582	12	0.228776440392883	0.000259050589134163
0.0717210859697363	181.98	190	-30.4	13.397	13.397	0	65.1697606055758	12	0.228776440392883	0.000258488698898738
0.0715619354388119	181.98	190	-30.4	13.397	13.397	0	65.1474046198518	12	0.228776440392883	0.00025849936388966
0.0717386343511118	181.98	190	-30.4	13.397	13.397	0	65.2515638617566	12	0.228776440392883	0.000259342483520412
0.071123662370128	181.98	190	-30.4	13.397	13.397	0	64.901250488809	12	0.228776440392883	0.000258064214652707
0.0713271476317737	181.98	190	-30.4	13.397	13.397	0	65.1075901154193	12	0.228776440392883	0.000259138474354472
0.0716172293175835	181.98	190	-30.4	13.397	13.397	0	65.0763229785291	12	0.228776440392883	0.000257589762453732
0.0720838408237422	181.98	190	-30.4	13.397	13.397	0	65.0977389435561	12	0.228776440392883	0.000258914910206958
0.0712036552244557	181.98	190	-30.4	13.397	13.397	0	65.1188434507561	12	0.228776440392883	0.00026022239282091
0.0716013179685512	181.98	190	-30.4	13.397	13.397	0	65.1738393609261	12	0.228776440392883	0.000258692466640291
0.0719688231124357	181.98	190	-30.4	13.397	13.397	0	65.2776463367625	12	0.228776440392883	0.000259941445783886
0.0713577264271469	181.98	190	-30.4	13.397	13.397	0	65.28535777636	12	0.228776440392883	0.000261164249014311
0.0715022358936287	181.98	190	-30.4	13.397	13.397	0	65.0837361392726	12	0.228776440392883	0.000257966493341642
0.0715157810992008	181.98	190	-30.4	13.397	13.397	0	65.0861988461877	12	0.228776440392883	0.000257948123454437
0.0713081561451576	181.98	190	-30.4	13.397	13.397	0	65.1963575425106	12	0.228776440392883	0.000260389481948528
0.0722165727545709	181.98	190	-30.4	13.397	13.397	0	65.3701061068294	12	0.228776440392883	0.000262077341044518
0.0717083873810545	181.98	190	-30.4	13.397	13.397	0	65.1618620254423	12	0.228776440392883	0.000258410667764287
0.0711556484066828	181.98	190	-30.4	13.397	13.397	0	64.8970906836255	12	0.228776440392883	0.000257737588389223
0.0713964803088752	181.98	190	-30.4	13.397	13.397	0	65.1448109668627	12	0.228776440392883	0.000259173815283522
0.0712746536028249	181.98	190	-30.4	13.397	13.397	0	65.1568471186187	12	0.228776440392883	0.000260136062158765
0.0716774073237022	181.98	190	-30.4	13.397	13.397	0	65.2902544506461	12	0.228776440392883	0.000259824500071655
0.0719635516221933	181.98	190	-30.4	13.397	13.397	0	65.3139168559995	12	0.228776440392883	0.000260265597392845
0.0715822874794219	181.98	190	-30.4	13.397	13.397	0	65.2222243662742	12	0.228776440392883	0.000259286554137088
0.0714628731311334	181.98	190	-30.4	13.397	13.397	0	65.1320924381592	12	0.228776440392883	0.000258686507630668
0.0715801054306845	181.98	190	-30.4	13.397	13.397	0	65.1633037975184	12	0.228776440392883	0.000258627965986163
0.0714080573530732	181.98	190	-30.4	13.397	13.397	0	65.0405968142245	12	0.228776440392883	0.000257859336309433
0.0712849204058493	181.98	190	-30.4	13.397	13.397	0	64.9807529581124	12	0.228776440392883	0.000257838529704214
0.0715332583984409	181.98	190	-30.4	13.397	13.397	0	65.1708780168881	12	0.228776440392883	0.000258858149273636
0.07179342733809	181.98	190	-30.4	13.397	13.397	0	65.1836767543598	12	0.228776440392883	0.000258652383992841
0.0716909438728298	181.98	190	-30.4	13.397	13.397	0	65.1854777329931	12	0.228776440392883	0.000258673059192044
0.0718198041884992	181.98	190	-30.4	13.397	13.397	0	65.1187598921045	12	0.228776440392883	0.000258038442607342
0.0719938827138638	181.98	190	-30.4	13.397	13.397	0	65.1720030156234	12	0.228776440392883	0.000259070208127828
0.0713376700664936	181.98	190	-30.4	13.397	13.397	0	65.1085287134278	12	0.228776440392883	0.00025908186594283
0.0719804052021539	181.98	190	-30.4	13.397	13.397	0	65.0703730176595	12	0.228776440392883	0.000258101641605206
0.0715897960020042	181.98	190	-30.4	13.397	13.397	0	65.1520621407346	12	0.228776440392883	0.000258477487926078
0.0715325889439339	181.98	190	-30.4	13.397	13.397	0	65.3399107735008	12	0.228776440392883	0.000260833693209583
0.0715011963728287	181.98	190	-30.4	13.397	13.397	0	65.1071925547025	12	0.228776440392883	0.000258240079493882
0.0713682491673238	181.98	190	-30.4	13.397	13.397	0	65.0895988312345	12	0.228776440392883	0.000258662297658713
0.0714867304535755	181.98	190	-30.4	13.397	13.397	0	65.0706146518385	12	0.228776440392883	0.000257871955091501
0.071666464637985	181.98	190	-30.4	13.397	13.397	0	65.1938548857127	12	0.228776440392883	0.00025879084118444
0.071853660588708	181.98	190	-30.4	13.397	13.397	0	65.2680987036359	12	0.228776440392883	0.000259569774221063
0.0719160549887213	181.98	190	-30.4	13.397	13.397	0	65.196582862239	12	0.228776440392883	0.000259011085738624
0.0713937529933654	181.98	190	-30.4	13.397	13.397	0	65.0509488042203	12	0.228776440392883	0.000258054839066062
0.0714542635999963	181.98	190	-30.4	13.397	13.397	0	65.0306691468873	12	0.228776440392883	0.000257536033895607
0.0716571926819853	181.98	190	-30.4	13.397	13.397	0	65.1318529794732	12	0.228776440392883	0.000258134052803285
0.0715019242949484	181.98	190	-30.4	13.397	13.397	0	65.2998627645089	12	0.228776440392883	0.000260497228358142
0.0715929211841709	181.98	190	-30.4	13.397	13.397	0	65.6978979478945	12	0.228776440392883	0.000264858420889062
0.0714591246351123	181.98	190	-30.4	13.397	13.397	0	64.9877183533314	12	0.228776440392883	0.000257020405937819
0.0716405101090072	181.98	190	-30.4	13.397	13.397	0	65.3301002286378	12	0.228776440392883	0.000260345355589739
0.0717504594737224	181.98	190	-30.4	13.397	13.397	0	65.1914393425333	12	0.228776440392883	0.000258711437256571
0.0711918080125507	181.98	190	-30.4	13.397	13.397	0	65.0139816125512	12	0.228776440392883	0.000258953167780795
0.0719792921577287	181.98	190	-30.4	13.397	13.397	0	65.3621665279722	12	0.228776440392883	0.000260771791048407
0.0713589139062596	181.98	190	-30.4	13.397	13.397	0	64.9673053811663	12	0.228776440392883	0.000257234234450906
0.0715110880889698	181.98	190	-30.4	13.397	13.397	0	65.0912774724966	12	0.228776440392883	0.000258022028393675
0.0721987241477678	181.98	190	-30.4	13.397	13.397	0	65.2456493100994	12	0.228776440392883	0.000260934755802184
0.0710799187420443	181.98	190	-30.4	13.397	13.397	0	64.8831107991133	12	0.228776440392883	0.000258222351803667
0.0713961599350779	181.98	190	-30.4	13.397	13.397	0	65.1243478304789	12	0.228776440392883	0.000258926999967216
0.0713496009072416	181.98	190	-30.4	13.397	13.397	0	65.0204723486981	12	0.228776440392883	0.000257927834096601
0.0714054719134223	181.98	190	-30.4	13.397	13.397	0	65.140068849577	12	0.228776440392883	0.000259066412528349
0.0718985602768417	181.98	190	-30.4	13.397	13.397	0	65.2867758300434	12	0.228776440392883	0.000259834313729852
0.0713403341304758	181.98	190	-30.4	13.397	13.397	0	65.3965630030814	12	0.228776440392883	0.000262720489573285
0.0713942546303061	181.98	190	-30.4	13.397	13.397	0	65.2119658567344	12	0.228776440392883	0.000260009114142384
0.0719619762068998	181.98	190	-30.4	13.397	13.397	0	65.2598501926725	12	0.228776440392883	0.000259751665340626
0.0714918198233346	181.98	190	-30.4	13.397	13.397	0	65.1025136931883	12	0.228776440392883	0.000258221218599815
0.0714505461873314	181.98	190	-30.4	13.397	13.397	0	65.2183095937069	12	0.228776440392883	0.000259772561625046
0.0713482077696885	181.98	190	-30.4	13.397	13.397	0	65.0658163146855	12	0.228776440392883	0.000258489671435658
0.0716570889600616	181.98	190	-30.4	13.397	13.397	0	65.3253470550145	12	0.228776440392883	0.00026025256326713
0.0718810268815185	181.98	190	-30.4	13.397	13.397	0	65.1407043826464	12	0.228776440392883	0.000258382564614007
0.0711203151717409	181.98	190	-30.4	13.397	13.397	0	64.9688687381891	12	0.228776440392883	0.000258985975972961
0.0715589469339541	181.98	190	-30.4	13.397	13.397	0	65.1241045833013	12	0.228776440392883	0.000258245208599235
0.071383174970445	181.98	190	-30.4	13.397	13.397	0	65.1147128455634	12	0.228776440392883	0.000258882712986576
0.0714009002182111	181.98	190	-30.4	13.397	13.397	0	65.0077980675902	12	0.228776440392883	0.000257504616410545
0.0713516648541347	181.98	190	-30.4	13.397	13.397	0	65.0908158301639	12	0.228776440392883	0.000258775730401733
0.0715682120873733	181.98	190	-30.4	13.397	13.397	0	65.2846065816319	12	0.228776440392883	0.000260045689046068
0.0713753350289265	181.98	190	-30.4	13.397	13.397	0	65.1042016524492	12	0.228776440392883	0.000258799495885733
0.0717221620528603	181.98	190	-30.4	13.397	13.397	0	65.3292034085555	12	0.228776440392883	0.000260184967498974
0.0720457575724237	181.98	190	-30.4	13.397	13.397	0	64.9868985411804	12	0.228776440392883	0.000257748636284467
0.0715371974803442	181.98	190	-30.4	13.397	13.397	0	65.0181450813805	12	0.228776440392883	0.00025711698780039
0.0717012182468059	181.98	190	-30.4	13.397	13.397	0	65.2802903086478	12	0.228776440392883	0.000259680986257481
0.0717005847350515	181.98	190	-30.4	13.397	13.397	0	65.2528047596103	12	0.228776440392883	0.000259385110044075
0.0714778828067197	181.98	190	-30.4	13.397	13.397	0	65.1181081382011	12	0.228776440392883	0.000258457923986048
0.0714926360979994	181.98	190	-30.4	13.397	13.397	0	65.1746213854055	12	0.228776440392883	0.000259057628821693
0.0712065675411088	181.98	190	-30.4	13.397	13.397	0	64.9168069081497	12	0.228776440392883	0.000257588537775403
0.0718584607009152	181.98	190	-30.4	13.397	13.397	0	65.6259801277144	12	0.228776440392883	0.000263269964963183
0.0714111825477404	181.98	190	-30.4	13.397	13.397	0	65.0887184828786	12	0.228776440392883	0.000258417923364178
0.0713264338160494	181.98	190	-30.4	13.397	13.397	0	65.0815026246905	12	0.228776440392883	0.000258818719713115
0.0714837728620968	181.98	190	-30.4	13.397	13.397	0	64.9577673200517	12	0.228776440392883	0.000256593395808405
0.0712664771247599	181.98	190	-30.4	13.397	13.397	0	65.0699978054006	12	0.228776440392883	0.000259088332824953
0.0716552771055957	181.98	190	-30.4	13.397	13.397	0	65.2833731572696	12	0.228776440392883	0.000259789991706349
0.0717299206106118	181.98	190	-30.4	13.397	13.397	0	65.2099709335035	12	0.228776440392883	0.000258907812028353
0.0718588660809506	181.98	190	-30.4	13.397	13.397	0	65.3581280787906	12	0.228776440392883	0.000260480889039689
0.0716705106181435	181.98	190	-30.4	13.397	13.397	0	65.2578820794104	12	0.228776440392883	0.000259481437547305
0.0717337501873767	181.98	190	-30.4	13.397	13.397	0	65.0400978532532	12	0.228776440392883	0.00025715443116756
0.0717132819525303	181.98	190	-30.4	13.397	13.397	0	65.2987385156891	12	0.228776440392883	0.00025986603289845
0.0716241882917805	181.98	190	-30.4	13.397	13.397	0	65.1231874458008	12	0.228776440392883	0.000258087922230574
0.0714440773547154	181.98	190	-30.4	13.397	13.397	0	65.0945577415464	12	0.228776440392883	0.000258328503788652
0.0717688125387271	181.98	190	-30.4	13.397	13.397	0	65.1632515482808	12	0.228776440392883	0.000258427386431175
0.0716973518725916	181.98	190	-30.4	13.397	13.397	0	65.3595216140374	12	0.228776440392883	0.000260551376532215
0.0719070756415354	181.98	190	-30.4	13.397	13.397	0	65.4645344583838	12	0.228776440392883	0.000261613573364916
0.0716688459840875	181.98	190	-30.4	13.397	13.397	0	65.1628352183188	12	0.228776440392883	0.00025845329173876
0.071445178399422	181.98	190	-30.4	13.397	13.397	0	65.0402517556351	12	0.228776440392883	0.000257685535928157
0.0714293852063912	181.98	190	-30.4	13.397	13.397	0	65.1109305874932	12	0.228776440392883	0.000258592397435098
0.0712060210789225	181.98	190	-30.4	13.397	13.397	0	65.1837927224414	12	0.228776440392883	0.000261058808586333
0.0713783274539247	181.98	190	-30.4	13.397	13.397	0	65.248152981348	12	0.228776440392883	0.000260557436319545
0.07143420981265	181.98	190	-30.4	13.397	13.397	0	65.139286357277	12	0.228776440392883	0.000258907129291058
0.0715851532951486	181.98	190	-30.4	13.397	13.397	0	65.0844488824909	12	0.228776440392883	0.000257738276223766
0.0720037950236019	181.98	190	-30.4	13.397	13.397	0	65.4240893539114	12	0.228776440392883	0.000261436584387391
0.071414256455266	181.98	190	-30.4	13.397	13.397	0	64.9930346152497	12	0.228776440392883	0.000257267859924852
0.0719072565184701	181.98	190	-30.4	13.397	13.397	0	66.2726579162988	12	0.228776440392883	0.00027045278830615
0.0715908673277725	181.98	190	-30.4	13.397	13.397	0	65.3709310228008	12	0.228776440392883	0.000260964229029558
0.0715512750590655	181.98	190	-30.4	13.397	13.397	0	65.1201588217644	12	0.228776440392883	0.000258222685625344
0.071418683895808	181.98	190	-30.4	13.397	13.397	0	65.1050274231397	12	0.228776440392883	0.000258575135334343
0.0715305118950808	181.98	190	-30.4	13.397	13.397	0	64.8057407135556	12	0.228776440392883	0.000254806652899651
0.071372646877491	181.98	190	-30.4	13.397	13.397	0	65.0881789133186	12	0.228776440392883	0.000258619652474196
0.0715690005863095	181.98	190	-30.4	13.397	13.397	0	65.2550222166529	12	0.228776440392883	0.00025970244737848
0.0713261453407369	181.98	190	-30.4	13.397	13.397	0	65.2088615768614	12	0.228776440392883	0.000260418170655547
0.0716056871632302	181.98	190	-30.4	13.397	13.397	0	65.3374880370899	12	0.228776440392883	0.000260528574139329
0.0718857398386638	181.98	190	-30.4	13.397	13.397	0	65.2027373773404	12	0.228776440392883	0.000258989762488107
0.0720310798728355	181.98	190	-30.4	13.397	13.397	0	65.3932437071396	12	0.228776440392883	0.00026124423096897
0.0715703611078164	181.98	190	-30.4	13.397	13.397	0	65.056909930541	12	0.228776440392883	0.000257466771995318
0.0716049915568643	181.98	190	-30.4	13.397	13.397	0	65.0144925249184	12	0.228776440392883	0.000256939821838847
0.0714740135244278	181.98	190	-30.4	13.397	13.397	0	65.6809327313724	12	0.228776440392883	0.000265388824000577
0.0715164014108942	181.98	190	-30.4	13.397	13.397	0	65.1039100338681	12	0.228776440392883	0.000258148389406172
0.0712038552658356	181.98	190	-30.4	13.397	13.397	0	65.1041617348369	12	0.228776440392883	0.000260028022786696
0.0713636719218953	181.98	190	-30.4	13.397	13.397	0	65.2064287343327	12	0.228776440392883	0.000260131937270566
0.0720191166969581	181.98	190	-30.4	13.397	13.397	0	65.123929516814	12	0.228776440392883	0.000258764335415216
0.0716145481841867	181.98	190	-30.4	13.397	13.397	0	65.2287834170606	12	0.228776440392883	0.000259273684303213
0.071500240437632	181.98	190	-30.4	13.397	13.397	0	65.2955672668878	12	0.228776440392883	0.000260453908243545
0.071164439975097	181.98	190	-30.4	13.397	13.397	0	64.9756871735385	12	0.228776440392883	0.000258684731916279
0.071717242962321	181.98	190	-30.4	13.397	13.397	0	65.3312869445456	12	0.228776440392883	0.000260213389545437
0.0712594749227091	181.98	190	-30.4	13.397	13.397	0	65.0610942080173	12	0.228776440392883	0.00025902695014129
0.0716801981541868	181.98	190	-30.4	13.397	13.397	0	65.0739591082408	12	0.228776440392883	0.000257500040356511
0.0714462803212645	181.98	190	-30.4	13.397	13.397	0	65.1640632552417	12	0.228776440392883	0.000259143584278172
0.07107126437305	181.98	190	-30.4	13.397	13.397	0	65.0451894942421	12	0.228776440392883	0.0002604945491338
0.0713869504221373	181.98	190	-30.4	13.397	13.397	0	65.1331393654095	12	0.228776440392883	0.000259085723576086
0.0715127390705442	181.98	190	-30.4	13.397	13.397	0	65.1627833602529	12	0.228776440392883	0.000258839457742585
0.0716869267488189	181.98	190	-30.4	13.397	13.397	0	65.2138161549095	12	0.228776440392883	0.000258980775725836
0.0714336717161894	181.98	190	-30.4	13.397	13.397	0	64.9306092086372	12	0.228776440392883	0.000256459843434112
0.0720956081282668	181.98	190	-30.4	13.397	13.397	0	65.1570736276396	12	0.228776440392883	0.00025948651812526
0.0715853957700241	181.98	190	-30.4	13.397	13.397	0	65.086590384372	12	0.228776440392883	0.000257761381192843
0.0713100619270793	181.98	190	-30.4	13.397	13.397	0	65.0358609202817	12	0.228776440392883	0.000258358248185425
0.0717727160737983	181.98	190	-30.4	13.397	13.397	0	65.122769948798	12	0.228776440392883	0.000258019159975577
0.0714920466446186	181.98	190	-30.4	13.397	13.397	0	64.967969811767	12	0.228776440392883	0.000256682729695526
0.0719563947866036	181.98	190	-30.4	13.397	13.397	0	65.212931319843	12	0.228776440392883	0.000259294930617587
0.071430040009283	181.98	190	-30.4	13.397	13.397	0	65.1927267036251	12	0.228776440392883	0.000259571153959518
0.0716800734047733	181.98	190	-30.4	13.397	13.397	0	65.2104498333704	12	0.228776440392883	0.000258952554089571
0.0713658813716569	181.98	190	-30.4	13.397	13.397	0	65.0545833189749	12	0.228776440392883	0.000258249580180255
0.0714390913185067	181.98	190	-30.4	13.397	13.397	0	65.2304348674943	12	0.228776440392883	0.000259979175141808
0.0716216847430514	181.98	190	-30.4	13.397	13.397	0	65.379558983615	12	0.228776440392883	0.000260960176891173
0.0713298546472135	181.98	190	-30.4	13.397	13.397	0	65.312756436093	12	0.228776440392883	0.000261718018949389
0.0711961159109314	181.98	190	-30.4	13.397	13.397	0	65.05631542788	12	0.228776440392883	0.000259468130911292
0.0713242700580521	181.98	190	-30.4	13.397	13.397	0	64.9749016140169	12	0.228776440392883	0.000257520452612824
0.0717115474843058	181.98	190	-30.4	13.397	13.397	0	65.1280712757117	12	0.228776440392883	0.000258055225635214
0.0716725999932591	181.98	190	-30.4	13.397	13.397	0	65.2012064941856	12	0.228776440392883	0.000258862181959198
0.0716780186881236	181.98	190	-30.4	13.397	13.397	0	65.2623493512504	12	0.228776440392883	0.000259518299062295
0.071747614513089	181.98	190	-30.4	13.397	13.397	0	65.2785729325187	12	0.228776440392883	0.000259623756566051
0.0715362255508145	181.98	190	-30.4	13.397	13.397	0	64.9940687837289	12	0.228776440392883	0.000256851567946718
0.0714580830409958	181.98	190	-30.4	13.397	13.397	0	65.0201584609745	12	0.228776440392883	0.000257398829935484
0.0713336494893357	181.98	190	-30.4	13.397	13.397	0	65.1109277995745	12	0.228776440392883	0.000259137571729267
0.0716814495497035	181.98	190	-30.4	13.397	13.397	0	65.2586839063714	12	0.228776440392883	0.00025947323057472
0.072215425470725	181.98	190	-30.4	13.397	13.397	0	65.066599174582	12	0.228776440392883	0.000259680418445681
0.0714273519368795	181.98	190	-30.4	13.397	13.397	0	65.2633503327449	12	0.228776440392883	0.000260445629386002
0.0716489176653936	181.98	190	-30.4	13.397	13.397	0	65.2845858994228	12	0.228776440392883	0.000259816760891418
0.0715276454066297	181.98	190	-30.4	13.397	13.397	0	65.2150503457604	12	0.228776440392883	0.000259389046822805
0.0717511565279967	181.98	190	-30.4	13.397	13.397	0	65.3502109330966	12	0.228776440392883	0.000260383188203934
0.0716412915195812	181.98	190	-30.4	13.397	13.397	0	65.1893803128037	12	0.228776440392883	0.000258781544103382
0.0714138667045236	181.98	190	-30.4	13.397	13.397	0	65.0605834098974	12	0.228776440392883	0.000258068685052329
0.0713186900735659	181.98	190	-30.4	13.397	13.397	0	65.1233860255081	12	0.228776440392883	0.000259392443107146
0.0717037192080341	181.98	190	-30.4	13.397	13.397	0	65.2383196091846	12	0.228776440392883	0.000259226284689976
0.0715422232347695	181.98	190	-30.4	13.397	13.397	0	65.8234862420133	12	0.228776440392883	0.000266740280678218
0.0716176098689607	181.98	190	-30.4	13.397	13.397	0	64.9925040022555	12	0.228776440392883	0.000256688057493279
0.0719239839986768	181.98	190	-30.4	13.397	13.397	0	65.271005678969	12	0.228776440392883	0.000259742571675205
0.0714405331912318	181.98	190	-30.4	13.397	13.397	0	65.6962442521356	12	0.228776440392883	0.000265838959352095
0.0713617909198776	181.98	190	-30.4	13.397	13.397	0	64.9367708153621	12	0.228776440392883	0.000256854142775929
0.0715552779685709	181.98	190	-30.4	13.397	13.397	0	65.1856870832476	12	0.228776440392883	0.000258954027863099
0.0718458922942498	181.98	190	-30.4	13.397	13.397	0	64.9455564706543	12	0.228776440392883	0.000256441758799587
0.0713662635409144	181.98	190	-30.4	13.397	13.397	0	65.1376822959065	12	0.228776440392883	0.000259263596403227
0.0714593134985374	181.98	190	-30.4	13.397	13.397	0	65.2582265561987	12	0.228776440392883	0.000260208445978154
0.0714657120059109	181.98	190	-30.4	13.397	13.397	0	65.1496338573778	12	0.228776440392883	0.000258880754476128
0.0719999263068148	181.98	190	-30.4	13.397	13.397	0	65.0959760316453	12	0.228776440392883	0.000258422237006018
0.0711689519934226	181.98	190	-30.4	13.397	13.397	0	65.0703142615018	12	0.228776440392883	0.000259888112867058
0.071454892276342	181.98	190	-30.4	13.397	13.397	0	65.289924263173	12	0.228776440392883	0.000260615987024026
0.0715564825235488	181.98	190	-30.4	13.397	13.397	0	65.2696447243404	12	0.228776440392883	0.00025991463768646
0.0718482191901142	181.98	190	-30.4	13.397	13.397	0	65.1189595615193	12	0.228776440392883	0.000258095007213176
0.0717491800791442	181.98	190	-30.4	13.397	13.397	0	65.2539629590069	12	0.228776440392883	0.000259363951121681
0.0715258076085394	181.98	190	-30.4	13.397	13.397	0	65.206502864784	12	0.228776440392883	0.000259296807653551
0.0714037168833129	181.98	190	-30.4	13.397	13.397	0	65.1140934245367	12	0.228776440392883	0.000258761873249342
0.0718244730603935	181.98	190	-30.4	13.397	13.397	0	65.2740219361097	12	0.228776440392883	0.000259594859203517
0.0715204314721462	181.98	190	-30.4	13.397	13.397	0	65.1860779080174	12	0.228776440392883	0.000259080282740051
0.0717272830369456	181.98	190	-30.4	13.397	13.397	0	65.0183723037503	12	0.228776440392883	0.00025693036782729
0.0716544381524238	181.98	190	-30.4	13.397	13.397	0	65.2833285203793	12	0.228776440392883	0.000259791212112254
0.0719935610318901	181.98	190	-30.4	13.397	13.397	0	65.3705518558438	12	0.228776440392883	0.000260897135925707
0.0716593800912584	181.98	190	-30.4	13.397	13.397	0	65.3409212046467	12	0.228776440392883	0.000260421236481318
0.0717117997713186	181.98	190	-30.4	13.397	13.397	0	65.1314569821449	12	0.228776440392883	0.00025809052399644
0.0716986758407269	181.98	190	-30.4	13.397	13.397	0	65.3839942825829	12	0.228776440392883	0.000260818917446765
0.0714454327547812	181.98	190	-30.4	13.397	13.397	0	65.0672540281122	12	0.228776440392883	0.000258000842935583
0.0713818511824799	181.98	190	-30.4	13.397	13.397	0	65.0485322643997	12	0.228776440392883	0.000258088470817631
0.0714512879113385	181.98	190	-30.4	13.397	13.397	0	64.9058405022801	12	0.228776440392883	0.000256111931824895
0.0715313789095013	181.98	190	-30.4	13.397	13.397	0	65.1886176904652	12	0.228776440392883	0.000259069126907467
0.0716090702698697	181.98	190	-30.4	13.397	13.397	0	65.0789521892036	12	0.228776440392883	0.000257631730664142
0.0718268813003663	181.98	190	-30.4	13.397	13.397	0	65.0248155664161	12	0.228776440392883	0.000257140054012024
0.0713663861712428	181.98	190	-30.4	13.397	13.397	0	64.8966189846831	12	0.228776440392883	0.000256355049696374
0.0713195266905874	181.98	190	-30.4	13.397	13.397	0	65.2822159553917	12	0.228776440392883	0.000261403722895779
0.0714444920900778	181.98	190	-30.4	13.397	13.397	0	65.0030717306304	12	0.228776440392883	0.000257255141231979
0.0714528405776331	181.98	190	-30.4	13.397	13.397	0	65.0535213311502	12	0.228776440392883	0.000257808126067212
0.0715321084460533	181.98	190	-30.4	13.397	13.397	0	65.1621464096589	12	0.228776440392883	0.000258761850820375
0.0717339289564557	181.98	190	-30.4	13.397	13.397	0	65.5136287071377	12	0.228776440392883	0.00026219018450232
0.0718178223531742	181.98	190	-30.4	13.397	13.397	0	65.2505829031616	12	0.228776440392883	0.000259351290007715
0.0714401092553005	181.98	190	-30.4	13.397	13.397	0	65.0460128115966	12	0.228776440392883	0.000257774898068667
0.0715302468884639	181.98	190	-30.4	13.397	13.397	0	65.7128240487876	12	0.228776440392883	0.00026541229224161
0.0717256120575758	181.98	190	-30.4	13.397	13.397	0	65.2426230363636	12	0.228776440392883	0.000259254788862738
0.0716724889951997	181.98	190	-30.4	13.397	13.397	0	65.2609916989868	12	0.228776440392883	0.000259512213368453
0.0713756192253322	181.98	190	-30.4	13.397	13.397	0	65.080890738274	12	0.228776440392883	0.000258514137206735
0.0715974331111051	181.98	190	-30.4	13.397	13.397	0	65.3399493284819	12	0.228776440392883	0.000260583593395932
0.0712750251116702	181.98	190	-30.4	13.397	13.397	0	65.2228004435409	12	0.228776440392883	0.000260984503080467
0.0713881418507077	181.98	190	-30.4	13.397	13.397	0	65.1153611239602	12	0.228776440392883	0.000258862540494747
0.0714478258396855	181.98	190	-30.4	13.397	13.397	0	65.1453989019718	12	0.228776440392883	0.000258913613703113
0.0715054642296246	181.98	190	-30.4	13.397	13.397	0	65.3382241705655	12	0.228776440392883	0.0002609391588164
0.0720233352801018	181.98	190	-30.4	13.397	13.397	0	65.1193843973994	12	0.228776440392883	0.000258746517303092
0.0719651945205791	181.98	190	-30.4	13.397	13.397	0	65.0435303307393	12	0.228776440392883	0.000257792433295111
0.0713403300334583	181.98	190	-30.4	13.397	13.397	0	65.3163089490814	12	0.228776440392883	0.000261684680924407
0.0714128005561004	181.98	190	-30.4	13.397	13.397	0	65.1055239999193	12	0.228776440392883	0.000258611087657126
0.0716135327892315	181.98	190	-30.4	13.397	13.397	0	65.2582897228546	12	0.228776440392883	0.000259607054830224
0.0719288956091575	181.98	190	-30.4	13.397	13.397	0	65.1972060770231	12	0.228776440392883	0.00025905596445587
0.0717483385502248	181.98	190	-30.4	13.397	13.397	0	65.2468127805678	12	0.228776440392883	0.000259289105440694
0.0711459310076005	181.98	190	-30.4	13.397	13.397	0	65.0704823011159	12	0.228776440392883	0.000260100632637484
0.071302861241235	181.98	190	-30.4	13.397	13.397	0	65.1177201421186	12	0.228776440392883	0.000259430573323019
0.0715309579347422	181.98	190	-30.4	13.397	13.397	0	65.269025010771	12	0.228776440392883	0.000260005518070086
0.0714063897732235	181.98	190	-30.4	13.397	13.397	0	65.0132278150863	12	0.228776440392883	0.000257542641528068
0.0720468382772476	181.98	190	-30.4	13.397	13.397	0	65.0549295901815	12	0.228776440392883	0.000258325378954532
0.0716624509371574	181.98	190	-30.4	13.397	13.397	0	65.0091682074144	12	0.228776440392883	0.000256829456897854
0.0717242698648985	181.98	190	-30.4	13.397	13.397	0	65.2266130716522	12	0.228776440392883	0.000259085961422859
0.0718438818944444	181.98	190	-30.4	13.397	13.397	0	65.2198837445911	12	0.228776440392883	0.000259075798288795
0.0716093725846406	181.98	190	-30.4	13.397	13.397	0	65.0373576828692	12	0.228776440392883	0.00025718009992697
0.071645443101431	181.98	190	-30.4	13.397	13.397	0	65.0491961574347	12	0.228776440392883	0.000257263157119726
0.0714649434343364	181.98	190	-30.4	13.397	13.397	0	65.0416287650359	12	0.228776440392883	0.000257620486992996
0.0718277595236906	181.98	190	-30.4	13.397	13.397	0	65.1551837822214	12	0.228776440392883	0.000258410313704624
0.0719724716535527	181.98	190	-30.4	13.397	13.397	0	65.3673702128372	12	0.228776440392883	0.000260800422377059
0.0712734619200479	181.98	190	-30.4	13.397	13.397	0	65.3594329577644	12	0.228776440392883	0.000262790432437138
0.0715899884302107	181.98	190	-30.4	13.397	13.397	0	65.3282922419467	12	0.228776440392883	0.000260474354336385
0.0711889081754384	181.98	190	-30.4	13.397	13.397	0	65.1650667441494	12	0.228776440392883	0.000260964685045348
0.0714712303480257	181.98	190	-30.4	13.397	13.397	0	65.1151408668341	12	0.228776440392883	0.000258451048063872
0.0716269005278899	181.98	190	-30.4	13.397	13.397	0	65.1244820859236	12	0.228776440392883	0.000258097470147807
0.0713286559048755	181.98	190	-30.4	13.397	13.397	0	65.0085724612472	12	0.228776440392883	0.000257905803843007
0.0720547094287056	181.98	190	-30.4	13.397	13.397	0	65.2623003914583	12	0.228776440392883	0.000260162906635438
0.0713959877512356	181.98	190	-30.4	13.397	13.397	0	65.0771531277139	12	0.228776440392883	0.000258357848518142
0.0713639429217457	181.98	190	-30.4	13.397	13.397	0	65.2201376656545	12	0.228776440392883	0.000260301334300446
0.0714929807238188	181.98	190	-30.4	13.397	13.397	0	65.0645359163911	12	0.228776440392883	0.000257779099067644
0.0713341604062456	181.98	190	-30.4	13.397	13.397	0	65.0229957785164	12	0.228776440392883	0.000258049324655659
0.0716137967986659	181.98	190	-30.4	13.397	13.397	0	65.3627168318671	12	0.228776440392883	0.000260791976554442
0.0714527448704091	181.98	190	-30.4	13.397	13.397	0	65.1652093324896	12	0.228776440392883	0.000259125863948685
0.0717934344255867	181.98	190	-30.4	13.397	13.397	0	65.1157845035778	12	0.228776440392883	0.000257970582902092
0.071585841937391	181.98	190	-30.4	13.397	13.397	0	65.2166646607073	12	0.228776440392883	0.000259213308344833
0.0719085313306427	181.98	190	-30.4	13.397	13.397	0	65.1118984041645	12	0.228776440392883	0.00025819149227732
0.0714150777853828	181.98	190	-30.4	13.397	13.397	0	65.034591589068	12	0.228776440392883	0.000257754339784414
0.0717195002238605	181.98	190	-30.4	13.397	13.397	0	65.3388043528533	12	0.228776440392883	0.000260292089093125
0.0715523849454434	181.98	190	-30.4	13.397	13.397	0	65.1205265885263	12	0.228776440392883	0.000258223609387738
0.0721387846838279	181.98	190	-30.4	13.397	13.397	0	65.0218097427055	12	0.228776440392883	0.000258691512084007
0.0716872578257232	181.98	190	-30.4	13.397	13.397	0	65.261364708481	12	0.228776440392883	0.000259494135007186
0.0713600752199385	181.98	190	-30.4	13.397	13.397	0	65.2385197240119	12	0.228776440392883	0.000260557345120265
0.071934946750763	181.98	190	-30.4	13.397	13.397	0	65.354771312424	12	0.228776440392883	0.000260578454122487
0.0718488848101953	181.98	190	-30.4	13.397	13.397	0	65.2343158596116	12	0.228776440392883	0.000259226687084325
0.0715791250042737	181.98	190	-30.4	13.397	13.397	0	65.116128524204	12	0.228776440392883	0.000258103128278278
0.0718688395005875	181.98	190	-30.4	13.397	13.397	0	65.6316924097072	12	0.228776440392883	0.000263327452921367
0.072044309970778	181.98	190	-30.4	13.397	13.397	0	65.1494356158435	12	0.228776440392883	0.000259119782285052
0.0718566928071754	181.98	190	-30.4	13.397	13.397	0	64.9818155494009	12	0.228776440392883	0.000256813171586185
0.0713809742196111	181.98	190	-30.4	13.397	13.397	0	65.0994637696843	12	0.228776440392883	0.00025870964357345
0.0713467659884507	181.98	190	-30.4	13.397	13.397	0	64.8975202679322	12	0.228776440392883	0.000256463192341973
0.0717545811544481	181.98	190	-30.4	13.397	13.397	0	65.1300628599221	12	0.228776440392883	0.000258081162655224
0.0713621106965738	181.98	190	-30.4	13.397	13.397	0	65.3845513053069	12	0.228776440392883	0.000262398101805528
0.0714385786114289	181.98	190	-30.4	13.397	13.397	0	65.1171326080146	12	0.228776440392883	0.000258621703083565
0.0715143310931054	181.98	190	-30.4	13.397	13.397	0	65.0138636650001	12	0.228776440392883	0.000257132688167625
0.071914596827415	181.98	190	-30.4	13.397	13.397	0	65.2359000510469	12	0.228776440392883	0.000259381273734144
0.071310707514064	181.98	190	-30.4	13.397	13.397	0	65.1968869908793	12	0.228776440392883	0.000260377512354848
0.0720412505394498	181.98	190	-30.4	13.397	13.397	0	65.2048343046161	12	0.228776440392883	0.000259587644526959
0.0718396250128663	181.98	190	-30.4	13.397	13.397	0	65.3946375212768	12	0.228776440392883	0.000260838936876883
0.0718674749887272	181.98	190	-30.4	13.397	13.397	0	65.280658190579	12	0.228776440392883	0.000259715851028439
0.071322688622468	181.98	190	-30.4	13.397	13.397	0	65.2516139297401	12	0.228776440392883	0.000260987530386099
0.0717546992932318	181.98	190	-30.4	13.397	13.397	0	65.1863985176035	12	0.228776440392883	0.000258659848529799
0.0714009105337963	181.98	190	-30.4	13.397	13.397	0	65.0724373610374	12	0.228776440392883	0.000258275488617913
0.0715230845957286	181.98	190	-30.4	13.397	13.397	0	65.0197967116744	12	0.228776440392883	0.000257173959287068
0.0716848345473894	181.98	190	-30.4	13.397	13.397	0	65.2641835943685	12	0.228776440392883	0.00025952815870312
0.0719354809038368	181.98	190	-30.4	13.397	13.397	0	65.3486047745555	12	0.228776440392883	0.00026051993041563
0.0713688814815929	181.98	190	-30.4	13.397	13.397	0	65.095723308638	12	0.228776440392883	0.000258733396422278
0.0713505931443974	181.98	190	-30.4	13.397	13.397	0	65.0976003537316	12	0.228776440392883	0.00025886575969531
0.071680281347367	181.98	190	-30.4	13.397	13.397	0	65.2778571204586	12	0.228776440392883	0.000259684063421767
0.0711665243966442	181.98	190	-30.4	13.397	13.397	0	65.1471587575281	12	0.228776440392883	0.000260932849833154
0.071424663262347	181.98	190	-30.4	13.397	13.397	0	65.0422304563965	12	0.228776440392883	0.000257799843453806
0.0712879785731492	181.98	190	-30.4	13.397	13.397	0	65.1371099497301	12	0.228776440392883	0.000259783359728907
0.0716884410616632	181.98	190	-30.4	13.397	13.397	0	65.1306607796836	12	0.228776440392883	0.000258092676231346
0.0711843823855192	181.98	190	-30.4	13.397	13.397	0	65.0015370212346	12	0.228776440392883	0.000258853227900807
0.0715864226810122	181.98	190	-30.4	13.397	13.397	0	65.3568468648825	12	0.228776440392883	0.000260816829168674
0.0717070653740643	181.98	190	-30.4	13.397	13.397	0	65.1598139365719	12	0.228776440392883	0.000258389735417077
0.0713222858753535	181.98	190	-30.4	13.397	13.397	0	65.1984394199657	12	0.228776440392883	0.000260313580615419
0.0713763977188997	181.98	190	-30.4	13.397	13.397	0	65.1056917033406	12	0.228776440392883	0.000258811550308699
0.071653850965512	181.98	190	-30.4	13.397	13.397	0	65.0641873728593	12	0.228776440392883	0.000257414792540625
0.0714330602438742	181.98	190	-30.4	13.397	13.397	0	64.9632848078605	12	0.228776440392883	0.00025683989722084
0.071721255118016	181.98	190	-30.4	13.397	13.397	0	65.2003782949012	12	0.228776440392883	0.000258810420953288
0.0714690814541342	181.98	190	-30.4	13.397	13.397	0	65.0771510533724	12	0.228776440392883	0.000258016467163723
0.0713242020356746	181.98	190	-30.4	13.397	13.397	0	65.2822962196015	12	0.228776440392883	0.000261369290833709
0.0716947749619127	181.98	190	-30.4	13.397	13.397	0	65.2567678972506	12	0.228776440392883	0.000259434596870496
0.0715546951428137	181.98	190	-30.4	13.397	13.397	0	65.0173619711064	12	0.228776440392883	0.000257065340106702
0.071726908252286	181.98	190	-30.4	13.397	13.397	0	65.3217993614405	12	0.228776440392883	0.000260099940468924
0.0715746590702765	181.98	190	-30.4	13.397	13.397	0	65.0836670259721	12	0.228776440392883	0.000257753127934625
0.0717718657900745	181.98	190	-30.4	13.397	13.397	0	65.1756126140728	12	0.228776440392883	0.000258555260215894
0.0719772944951119	181.98	190	-30.4	13.397	13.397	0	65.3091426201104	12	0.228776440392883	0.000260265276673274
0.0720319081681774	181.98	190	-30.4	13.397	13.397	0	65.1008662719318	12	0.228776440392883	0.000258631858236502
0.0713554305267289	181.98	190	-30.4	13.397	13.397	0	64.8739739704298	12	0.228776440392883	0.000256140444738446
0.0716137375037865	181.98	190	-30.4	13.397	13.397	0	65.1019476123638	12	0.228776440392883	0.00025787432151629
0.071536468293115	181.98	190	-30.4	13.397	13.397	0	65.2492602541044	12	0.228776440392883	0.000259752955483619
0.0714330439484529	181.98	190	-30.4	13.397	13.397	0	65.0411958122872	12	0.228776440392883	0.00025774958761325
0.0714774810241737	181.98	190	-30.4	13.397	13.397	0	65.1284913756153	12	0.228776440392883	0.000258580984429001
0.0716429320021405	181.98	190	-30.4	13.397	13.397	0	65.22800670341	12	0.228776440392883	0.000259202883492491
0.0718766794662264	181.98	190	-30.4	13.397	13.397	0	65.1902571341078	12	0.228776440392883	0.000258848147220611
0.0715044675742884	181.98	190	-30.4	13.397	13.397	0	65.3051527050249	12	0.228776440392883	0.000260548384308059
0.0717554430967557	181.98	190	-30.4	13.397	13.397	0	65.1471472770519	12	0.228776440392883	0.000258256284444727
0.0714341347748772	181.98	190	-30.4	13.397	13.397	0	65.0211696126755	12	0.228776440392883	0.000257509810145063
0.0715706799446836	181.98	190	-30.4	13.397	13.397	0	65.2936714354086	12	0.228776440392883	0.000260141678014061
0.0717634862701857	181.98	190	-30.4	13.397	13.397	0	65.2845393947348	12	0.228776440392883	0.000259681553681807
0.0714137481739422	181.98	190	-30.4	13.397	13.397	0	65.0643128568856	12	0.228776440392883	0.000258113663390392
0.0718854034710545	181.98	190	-30.4	13.397	13.397	0	66.1980136211034	12	0.228776440392883	0.000269641595748879
0.0718840607572842	181.98	190	-30.4	13.397	13.397	0	65.4150094827701	12	0.228776440392883	0.000261084644039742
0.0716035091508734	181.98	190	-30.4	13.397	13.397	0	65.158505977075	12	0.228776440392883	0.000258517052111699
0.0712137618428585	181.98	190	-30.4	13.397	13.397	0	65.0675514960117	12	0.228776440392883	0.000259467474624728
0.0715804806491007	181.98	190	-30.4	13.397	13.397	0	65.0035464648267	12	0.228776440392883	0.000256860912212063
0.0711971229446701	181.98	190	-30.4	13.397	13.397	0	64.9692822445021	12	0.228776440392883	0.000258332404511117
0.0714248169286003	181.98	190	-30.4	13.397	13.397	0	65.0590972930072	12	0.228776440392883	0.000257998516637445
0.0711271603506895	181.98	190	-30.4	13.397	13.397	0	64.9318586208237	12	0.228776440392883	0.000258435185944355
0.071422916275413	181.98	190	-30.4	13.397	13.397	0	65.0701831852885	12	0.228776440392883	0.000258138967499486
0.071693390472729	181.98	190	-30.4	13.397	13.397	0	65.1772258092541	12	0.228776440392883	0.000258583002186033
0.0720270439371194	181.98	190	-30.4	13.397	13.397	0	65.167156854451	12	0.228776440392883	0.000259184064816824
0.0716530349258793	181.98	190	-30.4	13.397	13.397	0	64.9180363091505	12	0.228776440392883	0.000255885746387657
0.0716627737025893	181.98	190	-30.4	13.397	13.397	0	65.2607433220295	12	0.228776440392883	0.000259526063774955
0.0711469502028389	181.98	190	-30.4	13.397	13.397	0	65.1467910319444	12	0.228776440392883	0.000261114818993637
0.0716116357412393	181.98	190	-30.4	13.397	13.397	0	65.123131611462	12	0.228776440392883	0.000258109994071907
0.0714129897740753	181.98	190	-30.4	13.397	13.397	0	65.029575816266	12	0.228776440392883	0.00025770484573519
0.0716045485478839	181.98	190	-30.4	13.397	13.397	0	65.1333502222803	12	0.228776440392883	0.000258236584189826
0.0716814364995279	181.98	190	-30.4	13.397	13.397	0	65.2735133468889	12	0.228776440392883	0.000259634829839239
0.0715109235499778	181.98	190	-30.4	13.397	13.397	0	65.021647986212	12	0.228776440392883	0.000257230777401775
0.0714913428311391	181.98	190	-30.4	13.397	13.397	0	65.7824878809057	12	0.228776440392883	0.000266574711957553
0.0713000457740007	181.98	190	-30.4	13.397	13.397	0	65.0974381467631	12	0.228776440392883	0.000259194776028777
0.071387982924732	181.98	190	-30.4	13.397	13.397	0	64.9714659961099	12	0.228776440392883	0.000257136348966574
0.071910828092146	181.98	190	-30.4	13.397	13.397	0	65.2951394719546	12	0.228776440392883	0.000259942890580462
0.0713364199958888	181.98	190	-30.4	13.397	13.397	0	65.1038617255317	12	0.228776440392883	0.000259031976227927
0.0719966448490926	181.98	190	-30.4	13.397	13.397	0	65.011323724972	12	0.228776440392883	0.000257667569632505
0.0711735731254376	181.98	190	-30.4	13.397	13.397	0	64.9477921377008	12	0.228776440392883	0.000258245767458036
0.0716006093080059	181.98	190	-30.4	13.397	13.397	0	65.1234607668381	12	0.228776440392883	0.000258135749436532
0.0716970960423656	181.98	190	-30.4	13.397	13.397	0	65.2474322688542	12	0.228776440392883	0.000259331152347826
0.0716859625079024	181.98	190	-30.4	13.397	13.397	0	65.3036438951373	12	0.228776440392883	0.000259957029059428
0.0714181038811765	181.98	190	-30.4	13.397	13.397	0	65.0986453544054	12	0.228776440392883	0.000258501711033963
0.0718823613981832	181.98	190	-30.4	13.397	13.397	0	65.1427744463224	12	0.228776440392883	0.00025840582653978
0.0720114242936696	181.98	190	-30.4	13.397	13.397	0	65.3969872591086	12	0.228776440392883	0.000261206679832736
0.0719146743255892	181.98	190	-30.4	13.397	13.397	0	65.2805893461516	12	0.228776440392883	0.00025981106741109
0.0719582034414337	181.98	190	-30.4	13.397	13.397	0	65.1219153175207	12	0.228776440392883	0.000258465829459583
0.0713947132615373	181.98	190	-30.4	13.397	13.397	0	65.1349405306285	12	0.228776440392883	0.000259063680289921
0.0714485139952727	181.98	190	-30.4	13.397	13.397	0	65.2192381898731	12	0.228776440392883	0.000259794197406255
0.0715577419151363	181.98	190	-30.4	13.397	13.397	0	65.284282398887	12	0.228776440392883	0.000260079641307919
0.0714623178406506	181.98	190	-30.4	13.397	13.397	0	65.1319599701646	12	0.228776440392883	0.000258687424631764
0.0715350187247934	181.98	190	-30.4	13.397	13.397	0	65.050629557147	12	0.228776440392883	0.000257486391988224
0.0717004614492637	181.98	190	-30.4	13.397	13.397	0	65.1139023265953	12	0.228776440392883	0.000257910346154313
0.0713386054159936	181.98	190	-30.4	13.397	13.397	0	65.3273981367768	12	0.228776440392883	0.000261840013579832
0.0716593015420221	181.98	190	-30.4	13.397	13.397	0	65.1170224646991	12	0.228776440392883	0.000257972661522285
0.0716003584210897	181.98	190	-30.4	13.397	13.397	0	65.2211337664601	12	0.228776440392883	0.000259223880574357
0.0722195032129068	181.98	190	-30.4	13.397	13.397	0	65.2863431124933	12	0.228776440392883	0.000261421576326515
0.0718590431345187	181.98	190	-30.4	13.397	13.397	0	65.2206469615391	12	0.228776440392883	0.00025910868540399
0.0717009837692375	181.98	190	-30.4	13.397	13.397	0	65.1302117308935	12	0.228776440392883	0.00025808117828811
0.0714617822804614	181.98	190	-30.4	13.397	13.397	0	65.1746274085187	12	0.228776440392883	0.000259194941605069
0.0717998216517174	181.98	190	-30.4	13.397	13.397	0	65.2060889365074	12	0.228776440392883	0.000258884728200707
0.071531545413509	181.98	190	-30.4	13.397	13.397	0	65.1652992414931	12	0.228776440392883	0.000258800019749713
0.0715942610908637	181.98	190	-30.4	13.397	13.397	0	65.2510082636981	12	0.228776440392883	0.000259577887183531
0.0713770220375137	181.98	190	-30.4	13.397	13.397	0	64.9225427122495	12	0.228776440392883	0.000256610286290998
0.0719192426013824	181.98	190	-30.4	13.397	13.397	0	65.2466338083103	12	0.228776440392883	0.000259496463972813
0.0714057462017821	181.98	190	-30.4	13.397	13.397	0	65.0284628035841	12	0.228776440392883	0.00025772640122156
0.0716481150488887	181.98	190	-30.4	13.397	13.397	0	65.1425607137768	12	0.228776440392883	0.000258261210223321
0.0714865128694022	181.98	190	-30.4	13.397	13.397	0	64.8048967088888	12	0.228776440392883	0.000254882861251842
0.0716643242415982	181.98	190	-30.4	13.397	13.397	0	65.1163895042199	12	0.228776440392883	0.00025796074232407
0.0715312847328985	181.98	190	-30.4	13.397	13.397	0	65.1199414790064	12	0.228776440392883	0.000258281858430169
0.071759365088451	181.98	190	-30.4	13.397	13.397	0	65.2693994423306	12	0.228776440392883	0.000259523575833401
0.0715309855175225	181.98	190	-30.4	13.397	13.397	0	65.3423619139004	12	0.228776440392883	0.000260869855502809
0.0711665243966442	181.98	190	-30.4	13.397	13.397	0	65.2762156416798	12	0.228776440392883	0.000262678297042961
0.0716275375802306	181.98	190	-30.4	13.397	13.397	0	65.2146924102922	12	0.228776440392883	0.000259087197203249
0.0715400034916067	181.98	190	-30.4	13.397	13.397	0	65.1547468140315	12	0.228776440392883	0.000258650449687712
0.0713502133668256	181.98	190	-30.4	13.397	13.397	0	65.3707941292185	12	0.228776440392883	0.000262310659098303
0.0716338375657436	181.98	190	-30.4	13.397	13.397	0	65.1573883199045	12	0.228776440392883	0.000258444652233114
0.072201536259852	181.98	190	-30.4	13.397	13.397	0	65.2057486491927	12	0.228776440392883	0.000260638661150587
0.0713811456845953	181.98	190	-30.4	13.397	13.397	0	65.260504365268	12	0.228776440392883	0.000260693378670043
0.0713590140567876	181.98	190	-30.4	13.397	13.397	0	65.0488801754912	12	0.228776440392883	0.000258219361794604
0.0711621923547938	181.98	190	-30.4	13.397	13.397	0	64.9029347311039	12	0.228776440392883	0.000257759348038664
0.0712055804943919	181.98	190	-30.4	13.397	13.397	0	65.1081610243172	12	0.228776440392883	0.000260065667606051
0.0717225195049868	181.98	190	-30.4	13.397	13.397	0	65.3251256945103	12	0.228776440392883	0.000260140508366611
0.0713163902362924	181.98	190	-30.4	13.397	13.397	0	65.0133004401284	12	0.228776440392883	0.000258039126718156
0.0716873538830017	181.98	190	-30.4	13.397	13.397	0	65.3019505009858	12	0.228776440392883	0.000259936256996305
0.0715808338332692	181.98	190	-30.4	13.397	13.397	0	65.0458568434912	12	0.228776440392883	0.000257322672448336
0.0717590529251117	181.98	190	-30.4	13.397	13.397	0	65.1775402816348	12	0.228776440392883	0.000258569596334378
0.0718592099824558	181.98	190	-30.4	13.397	13.397	0	65.1260445002213	12	0.228776440392883	0.00025818808599414
0.0716321200198981	181.98	190	-30.4	13.397	13.397	0	65.1893175359184	12	0.228776440392883	0.000258797779222382
0.0713617606460503	181.98	190	-30.4	13.397	13.397	0	65.061974381759	12	0.228776440392883	0.000258362990778023
0.071601025762447	181.98	190	-30.4	13.397	13.397	0	65.0099471350904	12	0.228776440392883	0.000256896604805051
0.0716536732340636	181.98	190	-30.4	13.397	13.397	0	65.0883951449824	12	0.228776440392883	0.000257672630050973
0.0714989834505067	181.98	190	-30.4	13.397	13.397	0	65.0273308774982	12	0.228776440392883	0.000257333169169409
0.0717403251004057	181.98	190	-30.4	13.397	13.397	0	65.09456655449	12	0.228776440392883	0.000257712048373026
0.071485087087401	181.98	190	-30.4	13.397	13.397	0	65.131083566085	12	0.228776440392883	0.000258579782392625
0.0716072110501453	181.98	190	-30.4	13.397	13.397	0	65.2830374177901	12	0.228776440392883	0.000259903664235616
0.0714543057220932	181.98	190	-30.4	13.397	13.397	0	65.0662308115066	12	0.228776440392883	0.000257950460481001
0.071420141449109	181.98	190	-30.4	13.397	13.397	0	65.2574015493264	12	0.228776440392883	0.000260414441012225
0.0712288739885543	181.98	190	-30.4	13.397	13.397	0	65.0237618354908	12	0.228776440392883	0.000258782460441763
0.0720483106330533	181.98	190	-30.4	13.397	13.397	0	65.0985526183195	12	0.228776440392883	0.000258704563693483
0.0715447931602016	181.98	190	-30.4	13.397	13.397	0	64.9429052390602	12	0.228776440392883	0.000256267848975065
0.0716674246443613	181.98	190	-30.4	13.397	13.397	0	65.4878164075952	12	0.228776440392883	0.000262060874798533
0.0715940981621707	181.98	190	-30.4	13.397	13.397	0	65.0242592421409	12	0.228776440392883	0.000257062436597761
0.071655035981949	181.98	190	-30.4	13.397	13.397	0	65.2421569817115	12	0.228776440392883	0.000259335817213535
0.072025441968768	181.98	190	-30.4	13.397	13.397	0	65.316271367685	12	0.228776440392883	0.000260513602930762
0.0714895780711563	181.98	190	-30.4	13.397	13.397	0	65.1356856979504	12	0.228776440392883	0.000258615216665795
0.0711894781268847	181.98	190	-30.4	13.397	13.397	0	64.8882979627131	12	0.228776440392883	0.000257355726878134
0.0713305851047155	181.98	190	-30.4	13.397	13.397	0	65.0296653684969	12	0.228776440392883	0.000258152761755956
0.0717549215080923	181.98	190	-30.4	13.397	13.397	0	65.1280044010122	12	0.228776440392883	0.000258060317667505
0.0713403259324191	181.98	190	-30.4	13.397	13.397	0	65.0701923902142	12	0.228776440392883	0.000258591369033967
0.0714729132629605	181.98	190	-30.4	13.397	13.397	0	65.2399158109317	12	0.228776440392883	0.000259920014130472
0.0716459831300064	181.98	190	-30.4	13.397	13.397	0	65.1494547270713	12	0.228776440392883	0.000258338919579606
0.0721037584462753	181.98	190	-30.4	13.397	13.397	0	65.4148401982779	12	0.228776440392883	0.000261764097895555
0.071388018509175	181.98	190	-30.4	13.397	13.397	0	65.1169917391188	12	0.228776440392883	0.000258883051940918
0.0716455797590825	181.98	190	-30.4	13.397	13.397	0	64.8597463997358	12	0.228776440392883	0.000255287183704255
0.0718484982256262	181.98	190	-30.4	13.397	13.397	0	65.1175705798356	12	0.228776440392883	0.000258082174100936
0.0714634152494051	181.98	190	-30.4	13.397	13.397	0	64.9833595153258	12	0.228776440392883	0.000256954446075557
0.0716858168256364	181.98	190	-30.4	13.397	13.397	0	65.1602829839502	12	0.228776440392883	0.000258408943404117
0.0711952332763777	181.98	190	-30.4	13.397	13.397	0	65.2943000107998	12	0.228776440392883	0.00026264040470446
0.0713556590905218	181.98	190	-30.4	13.397	13.397	0	65.0466923696881	12	0.228776440392883	0.000258212043888564
0.0713461705382203	181.98	190	-30.4	13.397	13.397	0	65.1104639432504	12	0.228776440392883	0.000259051940466023
0.0713544152006302	181.98	190	-30.4	13.397	13.397	0	65.2956821274805	12	0.228776440392883	0.000261318642890617
0.0717004538867627	181.98	190	-30.4	13.397	13.397	0	65.0635689076253	12	0.228776440392883	0.000257385990642865
0.071452721740043	181.98	190	-30.4	13.397	13.397	0	65.1563807336449	12	0.228776440392883	0.000259020890917994
0.0717374386709202	181.98	190	-30.4	13.397	13.397	0	65.24049000295	12	0.228776440392883	0.000259226188311195
0.0716268288392019	181.98	190	-30.4	13.397	13.397	0	65.3945684720525	12	0.228776440392883	0.000261116104316079
0.0712869161913473	181.98	190	-30.4	13.397	13.397	0	65.2518123983537	12	0.228776440392883	0.000261265614946596
0.0714213872347544	181.98	190	-30.4	13.397	13.397	0	65.0726738230281	12	0.228776440392883	0.000258175911487295
0.0713779345379695	181.98	190	-30.4	13.397	13.397	0	65.2991423236103	12	0.228776440392883	0.000261199198277636
0.071902435741237	181.98	190	-30.4	13.397	13.397	0	65.2808218936007	12	0.228776440392883	0.000259784736822124
0.0716629084978443	181.98	190	-30.4	13.397	13.397	0	65.1136677970805	12	0.228776440392883	0.000257933090590539
0.0716279360337571	181.98	190	-30.4	13.397	13.397	0	65.0607282786255	12	0.228776440392883	0.000257406057851942
0.071472584658381	181.98	190	-30.4	13.397	13.397	0	65.1108631871528	12	0.228776440392883	0.000258395301993818
0.0715444292297165	181.98	190	-30.4	13.397	13.397	0	65.0431854704875	12	0.228776440392883	0.000257377477816717
0.0719212646943903	181.98	190	-30.4	13.397	13.397	0	65.1857408723386	12	0.228776440392883	0.000258924291640656
0.0714916310938041	181.98	190	-30.4	13.397	13.397	0	64.9653989569083	12	0.228776440392883	0.000256655001445831
0.0713467317213053	181.98	190	-30.4	13.397	13.397	0	65.2334949713004	12	0.228776440392883	0.000260585140434075
