0.0716097325428496	181.98	190	-30.4	13.397	13.397	0	65.0476162537045	12	0.228776440392883	0.000257290463850792
0.0714424071461903	181.98	190	-30.4	13.397	13.397	0	65.006313667707	12	0.228776440392883	0.00025730137866035
0.0715949261005822	181.98	190	-30.4	13.397	13.397	0	65.0308866100677	12	0.228776440392883	0.000257133018489541
0.0714923369332312	181.98	190	-30.4	13.397	13.397	0	64.83495748616	12	0.228776440392883	0.000255199511323584
0.0718404451393597	181.98	190	-30.4	13.397	13.397	0	64.9399148638493	12	0.228776440392883	0.000256372552967407
0.0716108656159138	181.98	190	-30.4	13.397	13.397	0	64.9705447094303	12	0.228776440392883	0.000256461493648239
0.0715819938546688	181.98	190	-30.4	13.397	13.397	0	65.0442086687069	12	0.228776440392883	0.000257302270405694
0.0715200883279919	181.98	190	-30.4	13.397	13.397	0	65.0356921755239	12	0.228776440392883	0.000257361591004404
0.0714788410895677	181.98	190	-30.4	13.397	13.397	0	65.0198056812035	12	0.228776440392883	0.000257316587362857
0.0713847784379814	181.98	190	-30.4	13.397	13.397	0	64.8743037603098	12	0.228776440392883	0.000256008714028278
0.0715719148041801	181.98	190	-30.4	13.397	13.397	0	64.84665266373	12	0.228776440392883	0.000255187883126883
0.0715317557162599	181.98	190	-30.4	13.397	13.397	0	65.0395871502131	12	0.228776440392883	0.000257371596304142
0.0714666743889946	181.98	190	-30.4	13.397	13.397	0	64.9708676733326	12	0.228776440392883	0.000256799693306162
0.0714909772856036	181.98	190	-30.4	13.397	13.397	0	65.085097149893	12	0.228776440392883	0.000258023150327577
0.0716808272823267	181.98	190	-30.4	13.397	13.397	0	64.9912368327332	12	0.228776440392883	0.000256639037447129
0.0716293318285271	181.98	190	-30.4	13.397	13.397	0	64.8378340104484	12	0.228776440392883	0.000255062466691449
0.0714528340766401	181.98	190	-30.4	13.397	13.397	0	64.8647577348822	12	0.228776440392883	0.000255641476278197
0.0716831990768508	181.98	190	-30.4	13.397	13.397	0	64.9378395321567	12	0.228776440392883	0.00025609187367216
0.0714948424587646	181.98	190	-30.4	13.397	13.397	0	64.9395460595526	12	0.228776440392883	0.000256354624032497
0.0715055279883658	181.98	190	-30.4	13.397	13.397	0	65.0489715145148	12	0.228776440392883	0.000257557848911398
0.0713756351640887	181.98	190	-30.4	13.397	13.397	0	64.9418053759681	12	0.228776440392883	0.000256844880168841
0.071817283210491	181.98	190	-30.4	13.397	13.397	0	64.953091027296	12	0.228776440392883	0.000256432340096455
0.0717789644928466	181.98	190	-30.4	13.397	13.397	0	65.0302117157091	12	0.228776440392883	0.000257102395040053
0.0714604371000402	181.98	190	-30.4	13.397	13.397	0	64.9382017087629	12	0.228776440392883	0.000256448749634462
0.0716608963672377	181.98	190	-30.4	13.397	13.397	0	64.895183146079	12	0.228776440392883	0.000255651369389359
0.0714770151671546	181.98	190	-30.4	13.397	13.397	0	64.9969615604132	12	0.228776440392883	0.000257061550990959
0.0714092223915278	181.98	190	-30.4	13.397	13.397	0	64.846168539896	12	0.228776440392883	0.000255582997569813
0.0717346726822169	181.98	190	-30.4	13.397	13.397	0	64.975054879789	12	0.228776440392883	0.000256500737261419
0.071603207277721	181.98	190	-30.4	13.397	13.397	0	65.0249604615687	12	0.228776440392883	0.000257055443298099
0.0717547819096081	181.98	190	-30.4	13.397	13.397	0	64.9151011422423	12	0.228776440392883	0.000255935604819654
0.071695244226547	181.98	190	-30.4	13.397	13.397	0	65.0662662061412	12	0.228776440392883	0.000257414673488624
0.0715380917712159	181.98	190	-30.4	13.397	13.397	0	65.0000501244087	12	0.228776440392883	0.000256913343748702
0.0714377957053572	181.98	190	-30.4	13.397	13.397	0	64.9512983505009	12	0.228776440392883	0.000256682388552647
0.0715514360475343	181.98	190	-30.4	13.397	13.397	0	64.7831842615314	12	0.228776440392883	0.000254538403056872
0.071523056562644	181.98	190	-30.4	13.397	13.397	0	64.9681356410822	12	0.228776440392883	0.000256596739345313
0.0714425715307401	181.98	190	-30.4	13.397	13.397	0	64.8485888623975	12	0.228776440392883	0.000255492154527054
0.071468527224792	181.98	190	-30.4	13.397	13.397	0	64.9673545166757	12	0.228776440392883	0.00025675307311315
0.071788935108129	181.98	190	-30.4	13.397	13.397	0	65.0551662263704	12	0.228776440392883	0.000257363254154093
0.0719955606604837	181.98	190	-30.4	13.397	13.397	0	64.8857288312355	12	0.228776440392883	0.000256593871960589
0.0715003030660389	181.98	190	-30.4	13.397	13.397	0	64.8158002547131	12	0.228776440392883	0.000254971567712209
0.0715880935770353	181.98	190	-30.4	13.397	13.397	0	65.0672218874478	12	0.228776440392883	0.000257542563475552
0.071679419813744	181.98	190	-30.4	13.397	13.397	0	65.0452822648257	12	0.228776440392883	0.000257200178857925
0.0714937368012847	181.98	190	-30.4	13.397	13.397	0	64.9925095615241	12	0.228776440392883	0.00025695490864701
0.071482169942157	181.98	190	-30.4	13.397	13.397	0	65.042402438861	12	0.228776440392883	0.000257563970080405
0.0713404681250089	181.98	190	-30.4	13.397	13.397	0	64.8651726336308	12	0.228776440392883	0.000256110391938658
0.0714612675220025	181.98	190	-30.4	13.397	13.397	0	64.9361462674533	12	0.228776440392883	0.000256422476010871
0.0716455391226392	181.98	190	-30.4	13.397	13.397	0	64.8563694111795	12	0.228776440392883	0.000255252653633846
0.0716311943369904	181.98	190	-30.4	13.397	13.397	0	64.9917721012584	12	0.228776440392883	0.00025666684306694
0.0713222341410844	181.98	190	-30.4	13.397	13.397	0	64.8926131088942	12	0.228776440392883	0.000256534943863315
0.0717362735779116	181.98	190	-30.4	13.397	13.397	0	64.9961942275788	12	0.228776440392883	0.000256713810541594
0.0716540789057205	181.98	190	-30.4	13.397	13.397	0	64.9252339433512	12	0.228776440392883	0.000255959883512074
0.0714076647862201	181.98	190	-30.4	13.397	13.397	0	64.8288076838553	12	0.228776440392883	0.000255389951134119
0.0716171366107177	181.98	190	-30.4	13.397	13.397	0	64.8706323932273	12	0.228776440392883	0.000255404698469283
0.0714456915542467	181.98	190	-30.4	13.397	13.397	0	64.7742680818979	12	0.228776440392883	0.000254649291599757
0.0715275797442776	181.98	190	-30.4	13.397	13.397	0	64.9889688005757	12	0.228776440392883	0.000256816892982486
0.0713683020664758	181.98	190	-30.4	13.397	13.397	0	64.8947203483652	12	0.228776440392883	0.000256323480824985
0.0714105819734275	181.98	190	-30.4	13.397	13.397	0	65.0184105360302	12	0.228776440392883	0.00025758410014543
0.0714518378683029	181.98	190	-30.4	13.397	13.397	0	64.9496929293424	12	0.228776440392883	0.000256610727303156
0.0714907446178481	181.98	190	-30.4	13.397	13.397	0	65.0505517089608	12	0.228776440392883	0.00025762660759201
0.0714529621641321	181.98	190	-30.4	13.397	13.397	0	65.0543517972963	12	0.228776440392883	0.00025781731234389
0.0714291136316825	181.98	190	-30.4	13.397	13.397	0	64.930479281979	12	0.228776440392883	0.000256476143906227
0.0715691756955811	181.98	190	-30.4	13.397	13.397	0	64.9837714536176	12	0.228776440392883	0.000256666233819196
0.0714250854830267	181.98	190	-30.4	13.397	13.397	0	65.0498727461348	12	0.228776440392883	0.000257888150736479
0.0715097092653641	181.98	190	-30.4	13.397	13.397	0	65.0642888110834	12	0.228776440392883	0.000257718481774669
0.0714846986678378	181.98	190	-30.4	13.397	13.397	0	64.9466912622584	12	0.228776440392883	0.000256465383087293
0.0718940256666375	181.98	190	-30.4	13.397	13.397	0	64.9662300100612	12	0.228776440392883	0.000256797694173617
0.0717037264651728	181.98	190	-30.4	13.397	13.397	0	65.0670272427774	12	0.228776440392883	0.00025742161820634
0.0715011487766493	181.98	190	-30.4	13.397	13.397	0	64.999807713641	12	0.228776440392883	0.000257014128256132
0.0714456007925887	181.98	190	-30.4	13.397	13.397	0	64.9499791792125	12	0.228776440392883	0.000256637212807933
0.0716321234548362	181.98	190	-30.4	13.397	13.397	0	64.9407622313455	12	0.228776440392883	0.000256129034906088
0.0713778108770971	181.98	190	-30.4	13.397	13.397	0	64.9322052760751	12	0.228776440392883	0.000256720677324162
0.0716724433306428	181.98	190	-30.4	13.397	13.397	0	64.9845146252231	12	0.228776440392883	0.000256570217708528
0.0718828954750633	181.98	190	-30.4	13.397	13.397	0	65.0484859536873	12	0.228776440392883	0.000257517263269436
0.0714095811501346	181.98	190	-30.4	13.397	13.397	0	64.9004274188542	12	0.228776440392883	0.000256207181570789
0.0717460366703879	181.98	190	-30.4	13.397	13.397	0	64.9578465521478	12	0.228776440392883	0.000256342565384422
0.0715723642639246	181.98	190	-30.4	13.397	13.397	0	65.0325996521132	12	0.228776440392883	0.000257194471744673
0.071466494588095	181.98	190	-30.4	13.397	13.397	0	65.1125844671213	12	0.228776440392883	0.000258441277312441
0.0713856339408103	181.98	190	-30.4	13.397	13.397	0	64.9376110760049	12	0.228776440392883	0.000256747325289942
0.0715944462311998	181.98	190	-30.4	13.397	13.397	0	65.0495376622869	12	0.228776440392883	0.00025733690869189
0.0718756573684338	181.98	190	-30.4	13.397	13.397	0	65.0335075497802	12	0.228776440392883	0.000257354648179789
0.0715023355784601	181.98	190	-30.4	13.397	13.397	0	65.0168906879825	12	0.228776440392883	0.000257203767739642
0.0719489629824294	181.98	190	-30.4	13.397	13.397	0	65.1099613904034	12	0.228776440392883	0.000258319905245675
0.0713413176115059	181.98	190	-30.4	13.397	13.397	0	64.969388772643	12	0.228776440392883	0.000257355301315582
0.0716634750342836	181.98	190	-30.4	13.397	13.397	0	64.9091877889084	12	0.228776440392883	0.000255794974614046
0.071464946224884	181.98	190	-30.4	13.397	13.397	0	65.0340271315091	12	0.228776440392883	0.000257532454938224
0.071555362571134	181.98	190	-30.4	13.397	13.397	0	64.8237497781862	12	0.228776440392883	0.000254964064106307
0.0714291854461529	181.98	190	-30.4	13.397	13.397	0	64.9163514168028	12	0.228776440392883	0.000256312969460325
0.0719525436924164	181.98	190	-30.4	13.397	13.397	0	65.0421573212595	12	0.228776440392883	0.000257723010669585
0.0713501484652671	181.98	190	-30.4	13.397	13.397	0	64.8957753176764	12	0.228776440392883	0.000256425171952088
0.071413992832504	181.98	190	-30.4	13.397	13.397	0	64.9669108211984	12	0.228776440392883	0.000256962613763837
0.0715882671900447	181.98	190	-30.4	13.397	13.397	0	65.0088171751676	12	0.228776440392883	0.000256904627760073
0.0714970728173242	181.98	190	-30.4	13.397	13.397	0	64.979756352452	12	0.228776440392883	0.000256800255333478
0.0713803435356652	181.98	190	-30.4	13.397	13.397	0	64.8535962029562	12	0.228776440392883	0.000255786722160256
0.0714481090444589	181.98	190	-30.4	13.397	13.397	0	65.0505209307782	12	0.228776440392883	0.000257793112593634
0.0716473171803055	181.98	190	-30.4	13.397	13.397	0	65.0388580105759	12	0.228776440392883	0.000257151732463487
0.0720183851232173	181.98	190	-30.4	13.397	13.397	0	65.0169760968952	12	0.228776440392883	0.000257836450555862
0.0714207086110931	181.98	190	-30.4	13.397	13.397	0	64.9648992647933	12	0.228776440392883	0.000256910048326252
0.07161030153622	181.98	190	-30.4	13.397	13.397	0	65.0264036066405	12	0.228776440392883	0.000257060586755078
0.0713401959766348	181.98	190	-30.4	13.397	13.397	0	64.957304652264	12	0.228776440392883	0.000257215508254191
0.0714922320090604	181.98	190	-30.4	13.397	13.397	0	64.9679044296521	12	0.228776440392883	0.000256681418865951
0.0714276755873332	181.98	190	-30.4	13.397	13.397	0	64.9744850837507	12	0.228776440392883	0.000256992261061153
0.0714990845396354	181.98	190	-30.4	13.397	13.397	0	65.0007180389796	12	0.228776440392883	0.000257030888002601
0.0718120818698504	181.98	190	-30.4	13.397	13.397	0	65.0883715794955	12	0.228776440392883	0.000257726916257341
0.07158093846258	181.98	190	-30.4	13.397	13.397	0	65.0473418759636	12	0.228776440392883	0.000257338758753825
0.0716064478072172	181.98	190	-30.4	13.397	13.397	0	65.0548414717234	12	0.228776440392883	0.00025737397636703
0.0715426169040024	181.98	190	-30.4	13.397	13.397	0	65.0066122937908	12	0.228776440392883	0.000256975010279969
0.0716119197332084	181.98	190	-30.4	13.397	13.397	0	64.9901476918365	12	0.228776440392883	0.000256669440299852
0.0715427809618773	181.98	190	-30.4	13.397	13.397	0	64.9676436309246	12	0.228776440392883	0.000256543843521759
0.0715306294366153	181.98	190	-30.4	13.397	13.397	0	65.0278836009542	12	0.228776440392883	0.000257243482036403
0.0713546589381431	181.98	190	-30.4	13.397	13.397	0	64.8723212455306	12	0.228776440392883	0.000256124661907707
0.0715677919168868	181.98	190	-30.4	13.397	13.397	0	64.9543634312795	12	0.228776440392883	0.000256348860525745
0.0716053900988378	181.98	190	-30.4	13.397	13.397	0	64.9635462314043	12	0.228776440392883	0.000256393084443115
0.0713690862339114	181.98	190	-30.4	13.397	13.397	0	65.0301294894234	12	0.228776440392883	0.000257935630567313
0.0716303368483002	181.98	190	-30.4	13.397	13.397	0	65.0179968407571	12	0.228776440392883	0.000256946083615499
0.0714696661301443	181.98	190	-30.4	13.397	13.397	0	64.9415548548429	12	0.228776440392883	0.00025645556411515
0.0715497126423818	181.98	190	-30.4	13.397	13.397	0	64.9500833239748	12	0.228776440392883	0.000256336325995479
0.0715006584514838	181.98	190	-30.4	13.397	13.397	0	65.031471890711	12	0.228776440392883	0.00025737475636277
0.0715809806223257	181.98	190	-30.4	13.397	13.397	0	65.016603858779	12	0.228776440392883	0.000257002300974607
0.0715356915629192	181.98	190	-30.4	13.397	13.397	0	65.0212591390198	12	0.228776440392883	0.000257155685198222
0.0714939854300719	181.98	190	-30.4	13.397	13.397	0	64.7980279894501	12	0.228776440392883	0.000254791055208858
0.0716170386606055	181.98	190	-30.4	13.397	13.397	0	64.9132780767324	12	0.228776440392883	0.000255850430187495
0.0716211334118987	181.98	190	-30.4	13.397	13.397	0	65.0175587757732	12	0.228776440392883	0.000256951580921538
0.0716087069940547	181.98	190	-30.4	13.397	13.397	0	64.9194496905652	12	0.228776440392883	0.000255921848389769
0.0716250880898774	181.98	190	-30.4	13.397	13.397	0	65.0363549028915	12	0.228776440392883	0.000257148052985952
0.0715098443079708	181.98	190	-30.4	13.397	13.397	0	65.024526549055	12	0.228776440392883	0.000257266643220818
0.0713406443808257	181.98	190	-30.4	13.397	13.397	0	64.9319298716836	12	0.228776440392883	0.000256907309741765
0.071363685333927	181.98	190	-30.4	13.397	13.397	0	64.9405035980873	12	0.228776440392883	0.000256888990370475
0.07146599425773	181.98	190	-30.4	13.397	13.397	0	64.8140070374234	12	0.228776440392883	0.000255034792121915
0.0713129390957098	181.98	190	-30.4	13.397	13.397	0	64.889088358525	12	0.228776440392883	0.000256544277944747
0.0715508655412111	181.98	190	-30.4	13.397	13.397	0	65.0083316959076	12	0.228776440392883	0.000256974372047633
0.0714886050811779	181.98	190	-30.4	13.397	13.397	0	65.0522916651805	12	0.228776440392883	0.000257654234141302
0.0715239854500175	181.98	190	-30.4	13.397	13.397	0	65.0440333242721	12	0.228776440392883	0.000257444058387713
0.0715192408724514	181.98	190	-30.4	13.397	13.397	0	64.9648915762889	12	0.228776440392883	0.000256570549414741
0.0715090049307814	181.98	190	-30.4	13.397	13.397	0	65.0604066631818	12	0.228776440392883	0.00025767658456075
0.071477398920654	181.98	190	-30.4	13.397	13.397	0	64.9885951961906	12	0.228776440392883	0.000256964685742936
0.0714816501254584	181.98	190	-30.4	13.397	13.397	0	64.9834463783116	12	0.228776440392883	0.000256891580604503
0.0714987598726982	181.98	190	-30.4	13.397	13.397	0	65.0510815176269	12	0.228776440392883	0.000257604682606929
0.0715715269421062	181.98	190	-30.4	13.397	13.397	0	64.9397333800005	12	0.228776440392883	0.000256184249699653
0.0715226988418278	181.98	190	-30.4	13.397	13.397	0	65.0102627709986	12	0.228776440392883	0.000257068077902267
0.0713096493755194	181.98	190	-30.4	13.397	13.397	0	64.8874889381947	12	0.228776440392883	0.000256543588484481
0.0714183760101939	181.98	190	-30.4	13.397	13.397	0	64.9653587121627	12	0.228776440392883	0.000256925410328217
0.0716396644765285	181.98	190	-30.4	13.397	13.397	0	65.105308705122	12	0.228776440392883	0.000257870530221154
0.0715334904254527	181.98	190	-30.4	13.397	13.397	0	64.9242555353892	12	0.228776440392883	0.000256087359739811
0.0714860822741052	181.98	190	-30.4	13.397	13.397	0	65.017619773132	12	0.228776440392883	0.000257266041256132
0.0716328759650577	181.98	190	-30.4	13.397	13.397	0	65.0393952922783	12	0.228776440392883	0.000257171550782065
0.0715466871619809	181.98	190	-30.4	13.397	13.397	0	65.0253947754145	12	0.228776440392883	0.000257173550196233
0.0715769642846053	181.98	190	-30.4	13.397	13.397	0	65.0915584297728	12	0.228776440392883	0.000257835268004485
0.0719689487408468	181.98	190	-30.4	13.397	13.397	0	65.0175179469991	12	0.228776440392883	0.000257580330558617
0.0715446670176725	181.98	190	-30.4	13.397	13.397	0	65.0400978532532	12	0.228776440392883	0.000257342400477456
0.0716868028898654	181.98	190	-30.4	13.397	13.397	0	64.8595156144107	12	0.228776440392883	0.000255303064278838
0.0716241882917805	181.98	190	-30.4	13.397	13.397	0	65.1231874458008	12	0.228776440392883	0.000258087922230574
0.0714860828299771	181.98	190	-30.4	13.397	13.397	0	64.9892731592015	12	0.228776440392883	0.000256943073665474
0.0719036036899124	181.98	190	-30.4	13.397	13.397	0	65.1341448021717	12	0.228776440392883	0.0002583844131591
0.0717882897335234	181.98	190	-30.4	13.397	13.397	0	64.9294840850766	12	0.228776440392883	0.000256138857288374
0.0716417796371988	181.98	190	-30.4	13.397	13.397	0	64.939590673107	12	0.228776440392883	0.000256112022252162
0.0714380885228434	181.98	190	-30.4	13.397	13.397	0	64.9226912595192	12	0.228776440392883	0.000256351956323646
0.0713527057892377	181.98	190	-30.4	13.397	13.397	0	64.8885098746397	12	0.228776440392883	0.000256326007114536
0.0714383518192993	181.98	190	-30.4	13.397	13.397	0	64.9693499437868	12	0.228776440392883	0.000256888866376798
0.0717478437330336	181.98	190	-30.4	13.397	13.397	0	65.0060096881884	12	0.228776440392883	0.000256823290483673
0.0716954121407691	181.98	190	-30.4	13.397	13.397	0	64.9246031592492	12	0.228776440392883	0.000255963099431902
0.0716629653549084	181.98	190	-30.4	13.397	13.397	0	65.0128907802575	12	0.228776440392883	0.000256868158159695
0.0714098001216147	181.98	190	-30.4	13.397	13.397	0	65.0017975396677	12	0.228776440392883	0.000257391496478329
0.0718589207086493	181.98	190	-30.4	13.397	13.397	0	64.9667940423874	12	0.228776440392883	0.000256680199069017
0.0713735249468722	181.98	190	-30.4	13.397	13.397	0	64.8469470425325	12	0.228776440392883	0.000255739088195664
0.0716531893265385	181.98	190	-30.4	13.397	13.397	0	64.8971681615662	12	0.228776440392883	0.000255671032620344
0.0714358016660534	181.98	190	-30.4	13.397	13.397	0	64.939348177689	12	0.228776440392883	0.00025655230585304
0.0715246751559267	181.98	190	-30.4	13.397	13.397	0	64.8115549659468	12	0.228776440392883	0.000254878751606207
0.0716274376846265	181.98	190	-30.4	13.397	13.397	0	65.1173090982935	12	0.228776440392883	0.000258018532578158
0.0715764721962733	181.98	190	-30.4	13.397	13.397	0	65.0161030046348	12	0.228776440392883	0.000257005370453909
0.0713374461485261	181.98	190	-30.4	13.397	13.397	0	64.868694342044	12	0.228776440392883	0.000256167679753276
0.0716703425794482	181.98	190	-30.4	13.397	13.397	0	65.0580703313511	12	0.228776440392883	0.000257338265921117
0.0716374749883937	181.98	190	-30.4	13.397	13.397	0	64.8424040312931	12	0.228776440392883	0.000255109215192455
0.0717473208753226	181.98	190	-30.4	13.397	13.397	0	65.1420351421786	12	0.228776440392883	0.000258200949905474
0.0717315093567156	181.98	190	-30.4	13.397	13.397	0	65.0301842346739	12	0.228776440392883	0.000257052610532528
0.0716643809344274	181.98	190	-30.4	13.397	13.397	0	65.0163090261663	12	0.228776440392883	0.000256903285246593
0.0715240745312875	181.98	190	-30.4	13.397	13.397	0	64.9444974809937	12	0.228776440392883	0.00025633199001678
0.0718289626746359	181.98	190	-30.4	13.397	13.397	0	65.0434577711289	12	0.228776440392883	0.000257323904809151
0.0715543832777504	181.98	190	-30.4	13.397	13.397	0	64.9840254810495	12	0.228776440392883	0.000256698680021034
0.0714542716186817	181.98	190	-30.4	13.397	13.397	0	64.8516033307772	12	0.228776440392883	0.00025548881870504
0.0717390578675972	181.98	190	-30.4	13.397	13.397	0	65.0034672956657	12	0.228776440392883	0.000256789254465877
0.0715334157876806	181.98	190	-30.4	13.397	13.397	0	65.0090638102872	12	0.228776440392883	0.000257025604594094
0.0716291450919885	181.98	190	-30.4	13.397	13.397	0	65.0197235908959	12	0.228776440392883	0.000256965720235698
0.0716736691484234	181.98	190	-30.4	13.397	13.397	0	65.050974830069	12	0.228776440392883	0.000257262052156863
0.0716063782412126	181.98	190	-30.4	13.397	13.397	0	64.8323728249274	12	0.228776440392883	0.000255011821576655
0.0715523653096166	181.98	190	-30.4	13.397	13.397	0	64.8230830906472	12	0.228776440392883	0.000254960781298966
0.0714496291037163	181.98	190	-30.4	13.397	13.397	0	64.9601670200595	12	0.228776440392883	0.000256739179562778
0.0715489615460733	181.98	190	-30.4	13.397	13.397	0	64.8080773575932	12	0.228776440392883	0.000254805383166361
0.0714622679144349	181.98	190	-30.4	13.397	13.397	0	64.9014568077828	12	0.228776440392883	0.000256025578296264
0.0717580037061459	181.98	190	-30.4	13.397	13.397	0	65.0244312682193	12	0.228776440392883	0.000257018087807962
0.071620433160692	181.98	190	-30.4	13.397	13.397	0	64.9973864471765	12	0.228776440392883	0.000256737007088367
0.0714727132258813	181.98	190	-30.4	13.397	13.397	0	65.049836287123	12	0.228776440392883	0.000257685202480552
0.0718309515939809	181.98	190	-30.4	13.397	13.397	0	64.963549660665	12	0.228776440392883	0.000256567248563113
0.0715980708903052	181.98	190	-30.4	13.397	13.397	0	65.0433959375295	12	0.228776440392883	0.000257263636446341
0.0713461957225471	181.98	190	-30.4	13.397	13.397	0	64.9973747591483	12	0.228776440392883	0.00025766677231244
0.0716091663228962	181.98	190	-30.4	13.397	13.397	0	65.0267245148462	12	0.228776440392883	0.00025706566198763
0.0719623419532227	181.98	190	-30.4	13.397	13.397	0	64.9892066105294	12	0.228776440392883	0.000257299489040694
0.0715848144659731	181.98	190	-30.4	13.397	13.397	0	65.0559054076272	12	0.228776440392883	0.000257424932626003
0.0715465836123681	181.98	190	-30.4	13.397	13.397	0	65.0541418075219	12	0.228776440392883	0.000257494192201026
0.0718295839113142	181.98	190	-30.4	13.397	13.397	0	65.1319552346283	12	0.228776440392883	0.000258184895215417
0.0715740908328549	181.98	190	-30.4	13.397	13.397	0	65.0486117269353	12	0.228776440392883	0.000257367000224335
0.0716612842744985	181.98	190	-30.4	13.397	13.397	0	64.8984477357811	12	0.228776440392883	0.000255684800593456
0.0715059434325389	181.98	190	-30.4	13.397	13.397	0	64.9490613935033	12	0.228776440392883	0.000256429751632482
0.0714496074572315	181.98	190	-30.4	13.397	13.397	0	64.9560594315818	12	0.228776440392883	0.000256692050333655
0.0715732668310657	181.98	190	-30.4	13.397	13.397	0	65.0411466942267	12	0.228776440392883	0.000257286568981433
0.0714374096605147	181.98	190	-30.4	13.397	13.397	0	65.0536854204778	12	0.228776440392883	0.000257876945627507
0.0716169884144337	181.98	190	-30.4	13.397	13.397	0	64.9019085166748	12	0.228776440392883	0.00025573126024826
0.0714054408153284	181.98	190	-30.4	13.397	13.397	0	64.9548492881228	12	0.228776440392883	0.00025685920369187
0.0717081623628183	181.98	190	-30.4	13.397	13.397	0	65.0768493057509	12	0.228776440392883	0.000257523163938715
0.0714423250589799	181.98	190	-30.4	13.397	13.397	0	64.9836517856274	12	0.228776440392883	0.000257038607975768
0.0714139973511792	181.98	190	-30.4	13.397	13.397	0	64.9664330631644	12	0.228776440392883	0.000256957003076194
0.0714361502938479	181.98	190	-30.4	13.397	13.397	0	65.0312543757814	12	0.228776440392883	0.000257619169658854
0.0717780941759424	181.98	190	-30.4	13.397	13.397	0	65.1558193761652	12	0.228776440392883	0.000258357853147719
0.0713693116655577	181.98	190	-30.4	13.397	13.397	0	64.8683468184896	12	0.228776440392883	0.000256008478027104
0.0713985762614499	181.98	190	-30.4	13.397	13.397	0	64.9473750671352	12	0.228776440392883	0.000256802418095906
0.0715635484372038	181.98	190	-30.4	13.397	13.397	0	64.8322879787037	12	0.228776440392883	0.000255044944388414
0.0713687685381682	181.98	190	-30.4	13.397	13.397	0	64.9907452509522	12	0.228776440392883	0.000257463348366201
0.0714860086213083	181.98	190	-30.4	13.397	13.397	0	64.8007133908981	12	0.228776440392883	0.000254838140116325
0.071394982402281	181.98	190	-30.4	13.397	13.397	0	65.0571802065262	12	0.228776440392883	0.000258123189490395
0.0715206008736446	181.98	190	-30.4	13.397	13.397	0	64.8818703576081	12	0.228776440392883	0.000255650566426741
0.0719693570475318	181.98	190	-30.4	13.397	13.397	0	64.9817811464019	12	0.228776440392883	0.00025726933203959
0.0715492094387554	181.98	190	-30.4	13.397	13.397	0	65.0417360490848	12	0.228776440392883	0.000257349017593469
0.0713509316432845	181.98	190	-30.4	13.397	13.397	0	64.9869630881279	12	0.228776440392883	0.000257514184859448
0.0714519437032914	181.98	190	-30.4	13.397	13.397	0	64.9715645554625	12	0.228776440392883	0.000256861563156872
0.0715433753642184	181.98	190	-30.4	13.397	13.397	0	65.0545043934248	12	0.228776440392883	0.00025750680680886
0.0714441766294709	181.98	190	-30.4	13.397	13.397	0	64.9648456047801	12	0.228776440392883	0.000256813880413707
0.0716783384791194	181.98	190	-30.4	13.397	13.397	0	64.8504084859569	12	0.228776440392883	0.00025520551699623
0.0713525813296251	181.98	190	-30.4	13.397	13.397	0	64.927596476674	12	0.228776440392883	0.000256792039214829
0.071963848050311	181.98	190	-30.4	13.397	13.397	0	65.0173719314512	12	0.228776440392883	0.000257554595753845
0.0713313042352547	181.98	190	-30.4	13.397	13.397	0	64.8974442136094	12	0.228776440392883	0.00025654359069435
0.0717343755870638	181.98	190	-30.4	13.397	13.397	0	64.927421807835	12	0.228776440392883	0.000256026955691584
0.0714296159239007	181.98	190	-30.4	13.397	13.397	0	65.0281360409479	12	0.228776440392883	0.000257611402871678
0.0715359147065776	181.98	190	-30.4	13.397	13.397	0	64.9455564706543	12	0.228776440392883	0.000256316065642725
0.0714035923052281	181.98	190	-30.4	13.397	13.397	0	64.9802275988469	12	0.228776440392883	0.000257165931035628
0.071524864070019	181.98	190	-30.4	13.397	13.397	0	64.9280179896483	12	0.228776440392883	0.000256148096101858
0.0716487860791163	181.98	190	-30.4	13.397	13.397	0	65.0626450461394	12	0.228776440392883	0.000257403041712075
0.0716095480003949	181.98	190	-30.4	13.397	13.397	0	64.8950032033473	12	0.228776440392883	0.000255663853264089
0.0715681446827601	181.98	190	-30.4	13.397	13.397	0	65.0393423841951	12	0.228776440392883	0.000257277748648134
0.0717623246312801	181.98	190	-30.4	13.397	13.397	0	65.0406257741562	12	0.228776440392883	0.000257184425845275
0.0715097304609869	181.98	190	-30.4	13.397	13.397	0	64.9816288052337	12	0.228776440392883	0.000256783724722811
0.0719280803382283	181.98	190	-30.4	13.397	13.397	0	65.0455415995891	12	0.228776440392883	0.000257651039512338
0.0716077788400907	181.98	190	-30.4	13.397	13.397	0	64.9043650637016	12	0.228776440392883	0.000255763610556836
0.0717516979955915	181.98	190	-30.4	13.397	13.397	0	64.9805295785097	12	0.228776440392883	0.000256574287729073
0.0716866813346521	181.98	190	-30.4	13.397	13.397	0	64.9920517304718	12	0.228776440392883	0.000256647581097674
0.071646061537678	181.98	190	-30.4	13.397	13.397	0	64.8253535546531	12	0.228776440392883	0.000254936832519664
0.0715428429089425	181.98	190	-30.4	13.397	13.397	0	64.8287859676894	12	0.228776440392883	0.000255034980103461
0.0715042532137928	181.98	190	-30.4	13.397	13.397	0	64.8296825180287	12	0.228776440392883	0.000255114763778604
0.0716100332268782	181.98	190	-30.4	13.397	13.397	0	64.9061448056507	12	0.228776440392883	0.000255780575245346
0.0715700510231597	181.98	190	-30.4	13.397	13.397	0	65.0236789966859	12	0.228776440392883	0.000257101276173377
0.0714223191593517	181.98	190	-30.4	13.397	13.397	0	65.033994778716	12	0.228776440392883	0.000257713459734857
0.0715706821542258	181.98	190	-30.4	13.397	13.397	0	65.0381007780264	12	0.228776440392883	0.000257258554710025
0.0714778892762982	181.98	190	-30.4	13.397	13.397	0	64.9834691688067	12	0.228776440392883	0.000256904556503827
0.0715739044516472	181.98	190	-30.4	13.397	13.397	0	65.0468922867256	12	0.228776440392883	0.000257348461396942
0.0718481998615918	181.98	190	-30.4	13.397	13.397	0	65.1022402846814	12	0.228776440392883	0.000257933448261302
0.0715065963966022	181.98	190	-30.4	13.397	13.397	0	65.0032839719955	12	0.228776440392883	0.000257036638864224
0.0714788666888159	181.98	190	-30.4	13.397	13.397	0	64.9400289094607	12	0.228776440392883	0.000256408434464293
0.071692057592999	181.98	190	-30.4	13.397	13.397	0	64.9828228892029	12	0.228776440392883	0.000256553648218598
0.0716707241076354	181.98	190	-30.4	13.397	13.397	0	64.9102998913543	12	0.228776440392883	0.000255807679069313
0.0716499291846771	181.98	190	-30.4	13.397	13.397	0	64.922242212923	12	0.228776440392883	0.000255929598568899
0.0715169046299079	181.98	190	-30.4	13.397	13.397	0	64.8130045233619	12	0.228776440392883	0.000254908171914636
0.0714834163325561	181.98	190	-30.4	13.397	13.397	0	64.9831876025243	12	0.228776440392883	0.000256882749296614
0.0715525352844961	181.98	190	-30.4	13.397	13.397	0	65.0595577057782	12	0.228776440392883	0.000257539160304348
0.0716142650166275	181.98	190	-30.4	13.397	13.397	0	65.0971982196282	12	0.228776440392883	0.000257821593389158
0.0714755948181369	181.98	190	-30.4	13.397	13.397	0	64.9764128605642	12	0.228776440392883	0.000256831987993088
0.0715528623339639	181.98	190	-30.4	13.397	13.397	0	64.9331994748949	12	0.228776440392883	0.000256145933781261
0.0716648017961116	181.98	190	-30.4	13.397	13.397	0	65.0090275263634	12	0.228776440392883	0.000256827015927753
0.0714766190040155	181.98	190	-30.4	13.397	13.397	0	64.9084671550928	12	0.228776440392883	0.000256059664116436
0.0717313057525405	181.98	190	-30.4	13.397	13.397	0	65.0072406408687	12	0.228776440392883	0.000256820724563231
0.0713979625583147	181.98	190	-30.4	13.397	13.397	0	64.8894817375504	12	0.228776440392883	0.000256128639131856
0.0717018784426256	181.98	190	-30.4	13.397	13.397	0	64.8929885920854	12	0.228776440392883	0.000255650287677462
0.0713465884118837	181.98	190	-30.4	13.397	13.397	0	65.0199831332486	12	0.228776440392883	0.000257939245162575
0.0715720420921696	181.98	190	-30.4	13.397	13.397	0	65.0090163264356	12	0.228776440392883	0.000256936489372794
0.0718731587988254	181.98	190	-30.4	13.397	13.397	0	64.976799900921	12	0.228776440392883	0.000256819656646606
0.0713960037994944	181.98	190	-30.4	13.397	13.397	0	64.8804493597416	12	0.228776440392883	0.000256031963545556
0.0716575168390312	181.98	190	-30.4	13.397	13.397	0	64.9242135058397	12	0.228776440392883	0.000255949054997484
0.0715728228067587	181.98	190	-30.4	13.397	13.397	0	65.023288946735	12	0.228776440392883	0.000257091296413917
0.0715031144532602	181.98	190	-30.4	13.397	13.397	0	64.9997998334578	12	0.228776440392883	0.000257007956315549
0.0716309277138711	181.98	190	-30.4	13.397	13.397	0	64.9712040557705	12	0.228776440392883	0.000256449747402179
0.0716629045561685	181.98	190	-30.4	13.397	13.397	0	64.8467388902518	12	0.228776440392883	0.000255159657460587
0.0715877952576468	181.98	190	-30.4	13.397	13.397	0	65.0092888946851	12	0.228776440392883	0.000256910550138107
0.0715045565092452	181.98	190	-30.4	13.397	13.397	0	65.0143443813487	12	0.228776440392883	0.000257167916010663
0.0717170919234904	181.98	190	-30.4	13.397	13.397	0	65.0057818605679	12	0.228776440392883	0.000256796902326498
0.0716392905302836	181.98	190	-30.4	13.397	13.397	0	64.8341201223996	12	0.228776440392883	0.000255024698831472
0.0715956363743567	181.98	190	-30.4	13.397	13.397	0	64.9898802534491	12	0.228776440392883	0.000256688192932191
0.0716346460459145	181.98	190	-30.4	13.397	13.397	0	65.0048972157504	12	0.228776440392883	0.00025680282530193
0.0713519824147642	181.98	190	-30.4	13.397	13.397	0	64.8940548928241	12	0.228776440392883	0.000256395465253575
0.0713392748888199	181.98	190	-30.4	13.397	13.397	0	64.8953797543404	12	0.228776440392883	0.000256476507207144
0.0713612544086854	181.98	190	-30.4	13.397	13.397	0	64.9023913756493	12	0.228776440392883	0.000256448273572798
0.0713632661988492	181.98	190	-30.4	13.397	13.397	0	65.0018071198632	12	0.228776440392883	0.000257625705648292
0.0716217652582614	181.98	190	-30.4	13.397	13.397	0	65.0471994255935	12	0.228776440392883	0.000257268701503411
0.0715995611298866	181.98	190	-30.4	13.397	13.397	0	64.9691237867313	12	0.228776440392883	0.000256459820618732
0.0717154097219673	181.98	190	-30.4	13.397	13.397	0	65.0484987667696	12	0.228776440392883	0.000257231999487784
0.0712366204502362	181.98	190	-30.4	13.397	13.397	0	64.941368425045	12	0.228776440392883	0.000257678302817153
0.0714810396634194	181.98	190	-30.4	13.397	13.397	0	64.9728036329927	12	0.228776440392883	0.000256772651501008
0.0714890625799411	181.98	190	-30.4	13.397	13.397	0	64.9785888540862	12	0.228776440392883	0.000256812174207459
0.0717864073172579	181.98	190	-30.4	13.397	13.397	0	64.9695178310426	12	0.228776440392883	0.000256521259733185
0.071481106653743	181.98	190	-30.4	13.397	13.397	0	64.9912950191526	12	0.228776440392883	0.00025698277013837
0.0715172696539031	181.98	190	-30.4	13.397	13.397	0	64.9859076772704	12	0.228776440392883	0.000256810425193521
0.0717459331601972	181.98	190	-30.4	13.397	13.397	0	65.0640231058461	12	0.228776440392883	0.000257404726950049
0.0716270637414134	181.98	190	-30.4	13.397	13.397	0	65.0351152022312	12	0.228776440392883	0.000257132414647745
0.0714968414935852	181.98	190	-30.4	13.397	13.397	0	64.883582786808	12	0.228776440392883	0.000255725362693103
0.0714912074701055	181.98	190	-30.4	13.397	13.397	0	65.0082178515792	12	0.228776440392883	0.000257141483429697
0.0714243545757596	181.98	190	-30.4	13.397	13.397	0	64.8825064589403	12	0.228776440392883	0.000255942449649144
0.0713345182550505	181.98	190	-30.4	13.397	13.397	0	64.8685949533132	12	0.228776440392883	0.00025618158932278
0.0713495016524964	181.98	190	-30.4	13.397	13.397	0	64.8226666554164	12	0.228776440392883	0.000255564246512696
0.0716315480122359	181.98	190	-30.4	13.397	13.397	0	65.0464978316078	12	0.228776440392883	0.000257248978355723
0.0716648425837316	181.98	190	-30.4	13.397	13.397	0	65.1785333454903	12	0.228776440392883	0.000258627345447006
0.0713342341828855	181.98	190	-30.4	13.397	13.397	0	64.8817396904687	12	0.228776440392883	0.000256339956161915
0.071588369679203	181.98	190	-30.4	13.397	13.397	0	64.9260230694787	12	0.228776440392883	0.000256013052526801
0.0713489602025704	181.98	190	-30.4	13.397	13.397	0	64.8815126827786	12	0.228776440392883	0.000256261682185693
0.0715244001871227	181.98	190	-30.4	13.397	13.397	0	64.9453644925529	12	0.228776440392883	0.000256340792455194
0.0713153041869174	181.98	190	-30.4	13.397	13.397	0	65.0472840630716	12	0.228776440392883	0.000258466028445267
0.0716142757498921	181.98	190	-30.4	13.397	13.397	0	64.9946744156781	12	0.228776440392883	0.000256715026122474
0.0716681535130477	181.98	190	-30.4	13.397	13.397	0	64.8502931737013	12	0.228776440392883	0.000255198114367843
0.0717463577397607	181.98	190	-30.4	13.397	13.397	0	64.8921510853552	12	0.228776440392883	0.000255697920572868
0.071825782196012	181.98	190	-30.4	13.397	13.397	0	64.9588997619661	12	0.228776440392883	0.000256509432063276
0.071382549361449	181.98	190	-30.4	13.397	13.397	0	64.9129691616309	12	0.228776440392883	0.000256471545598832
0.0716418748729817	181.98	190	-30.4	13.397	13.397	0	64.8783029589788	12	0.228776440392883	0.000255477498732014
0.0715700715237377	181.98	190	-30.4	13.397	13.397	0	64.8168683996038	12	0.228776440392883	0.000254874902798897
0.0715794088822633	181.98	190	-30.4	13.397	13.397	0	65.0294717288893	12	0.228776440392883	0.000257145922765107
0.0716237151191534	181.98	190	-30.4	13.397	13.397	0	65.0404412315931	12	0.228776440392883	0.000257193570041525
0.0717118053670323	181.98	190	-30.4	13.397	13.397	0	64.946108994906	12	0.228776440392883	0.000256190749225056
0.0717436406094457	181.98	190	-30.4	13.397	13.397	0	64.9803418445606	12	0.228776440392883	0.00025656288655708
0.0715346749775031	181.98	190	-30.4	13.397	13.397	0	65.0706231164396	12	0.228776440392883	0.000257712349340615
0.0717661526110216	181.98	190	-30.4	13.397	13.397	0	64.9467349093358	12	0.228776440392883	0.000256263218170782
0.0714802797153472	181.98	190	-30.4	13.397	13.397	0	65.0665225143432	12	0.228776440392883	0.000257849067287105
0.0714863760527449	181.98	190	-30.4	13.397	13.397	0	64.9067121474905	12	0.228776440392883	0.000256011248336991
0.0715156151858079	181.98	190	-30.4	13.397	13.397	0	65.0253596187562	12	0.228776440392883	0.000257258441337302
0.0716051504673367	181.98	190	-30.4	13.397	13.397	0	65.0271948873303	12	0.228776440392883	0.000257076641848721
0.0716239513866753	181.98	190	-30.4	13.397	13.397	0	65.0232408013432	12	0.228776440392883	0.000257009038952689
0.0715097788189722	181.98	190	-30.4	13.397	13.397	0	65.010471305184	12	0.228776440392883	0.000257108080258266
0.0715022552782821	181.98	190	-30.4	13.397	13.397	0	64.9717880513983	12	0.228776440392883	0.000256694933013933
0.0718328665594379	181.98	190	-30.4	13.397	13.397	0	64.9271905124564	12	0.228776440392883	0.000256231066957374
0.0719872702887677	181.98	190	-30.4	13.397	13.397	0	64.9101179417572	12	0.228776440392883	0.000256750264499025
0.0714427700594806	181.98	190	-30.4	13.397	13.397	0	65.0150427320859	12	0.228776440392883	0.000257401495847994
0.0716049859093667	181.98	190	-30.4	13.397	13.397	0	64.9991397072937	12	0.228776440392883	0.000256774628118728
0.0713211038754216	181.98	190	-30.4	13.397	13.397	0	64.9737273456036	12	0.228776440392883	0.000257524918520232
0.0714814304814498	181.98	190	-30.4	13.397	13.397	0	64.9471813048868	12	0.228776440392883	0.000256481145259882
0.0714805253753923	181.98	190	-30.4	13.397	13.397	0	64.8843404075639	12	0.228776440392883	0.000255777801009783
0.0719273896058701	181.98	190	-30.4	13.397	13.397	0	65.0011871970136	12	0.228776440392883	0.000257247354340223
0.0714657600637083	181.98	190	-30.4	13.397	13.397	0	65.0367677143053	12	0.228776440392883	0.000257560994261218
0.0716818725634778	181.98	190	-30.4	13.397	13.397	0	64.9151732591089	12	0.228776440392883	0.000255860896563142
0.0715681955716905	181.98	190	-30.4	13.397	13.397	0	64.8637197904099	12	0.228776440392883	0.000255373606943053
0.0715839811030794	181.98	190	-30.4	13.397	13.397	0	65.0406273293039	12	0.228776440392883	0.000257259138200355
0.0715095417999331	181.98	190	-30.4	13.397	13.397	0	64.9592681006291	12	0.228776440392883	0.000256533877127333
0.0715046115476185	181.98	190	-30.4	13.397	13.397	0	64.9464082446737	12	0.228776440392883	0.000256403787482282
0.0716217896572885	181.98	190	-30.4	13.397	13.397	0	65.0360824258458	12	0.228776440392883	0.000257149234227753
0.0714771366316233	181.98	190	-30.4	13.397	13.397	0	64.9560677944652	12	0.228776440392883	0.000256595565019281
0.0716141912033844	181.98	190	-30.4	13.397	13.397	0	64.8429551200689	12	0.228776440392883	0.000255118507869335
0.0717473336518286	181.98	190	-30.4	13.397	13.397	0	64.9542843667895	12	0.228776440392883	0.000256309043331181
0.0717332965457556	181.98	190	-30.4	13.397	13.397	0	64.9680847483986	12	0.228776440392883	0.000256429762979081
0.071468857536674	181.98	190	-30.4	13.397	13.397	0	64.9908697661253	12	0.228776440392883	0.000257020810065077
0.0714828070576211	181.98	190	-30.4	13.397	13.397	0	64.8098019988774	12	0.228776440392883	0.000254945467857733
0.0715233567916494	181.98	190	-30.4	13.397	13.397	0	65.0146072011617	12	0.228776440392883	0.000257114946104552
0.0714159726095078	181.98	190	-30.4	13.397	13.397	0	64.9582502116981	12	0.228776440392883	0.000256852774306669
0.0715030856171272	181.98	190	-30.4	13.397	13.397	0	65.0599053353044	12	0.228776440392883	0.000257690714226303
0.0715486059880789	181.98	190	-30.4	13.397	13.397	0	64.9537259018996	12	0.228776440392883	0.000256378458807586
0.0713774748224868	181.98	190	-30.4	13.397	13.397	0	64.9819738713613	12	0.228776440392883	0.000257313411513395
0.0719894979966249	181.98	190	-30.4	13.397	13.397	0	64.8891915207616	12	0.228776440392883	0.000256586709901316
0.0719140355791558	181.98	190	-30.4	13.397	13.397	0	65.0009663024633	12	0.228776440392883	0.000257190880834293
0.0713997058585579	181.98	190	-30.4	13.397	13.397	0	64.9044135512375	12	0.228776440392883	0.00025629495623395
0.07137246873186	181.98	190	-30.4	13.397	13.397	0	64.8842913747153	12	0.228776440392883	0.000256181124627057
0.0718572365455231	181.98	190	-30.4	13.397	13.397	0	64.9492339678224	12	0.228776440392883	0.000256511831371302
0.0714942768851606	181.98	190	-30.4	13.397	13.397	0	65.0243656891804	12	0.228776440392883	0.00025731507013414
0.0714169103747578	181.98	190	-30.4	13.397	13.397	0	64.8739739704298	12	0.228776440392883	0.000255872809920949
0.0713548277404018	181.98	190	-30.4	13.397	13.397	0	64.8853091374015	12	0.228776440392883	0.000256277535100267
0.0715516380561935	181.98	190	-30.4	13.397	13.397	0	65.041542735108	12	0.228776440392883	0.000257340775359517
0.0715962463968965	181.98	190	-30.4	13.397	13.397	0	64.9967966048917	12	0.228776440392883	0.000256761853440371
0.0716720356482677	181.98	190	-30.4	13.397	13.397	0	65.0120976643362	12	0.228776440392883	0.000256856568557973
0.0716694253486028	181.98	190	-30.4	13.397	13.397	0	64.8606203805993	12	0.228776440392883	0.000255302985710981
0.0713635642711586	181.98	190	-30.4	13.397	13.397	0	65.0086959595833	12	0.228776440392883	0.000257707121241395
0.0715436265816895	181.98	190	-30.4	13.397	13.397	0	64.9987191571626	12	0.228776440392883	0.000256885068830341
0.0715512983317673	181.98	190	-30.4	13.397	13.397	0	64.9153244416668	12	0.228776440392883	0.000255954507772055
0.0715766761894883	181.98	190	-30.4	13.397	13.397	0	65.1342059525253	12	0.228776440392883	0.000258310920794989
0.0718219310993029	181.98	190	-30.4	13.397	13.397	0	65.0128505622639	12	0.228776440392883	0.000257013868647671
0.0715412319871493	181.98	190	-30.4	13.397	13.397	0	64.9035354333475	12	0.228776440392883	0.000255845134420754
0.0715625771069704	181.98	190	-30.4	13.397	13.397	0	64.9932037448568	12	0.228776440392883	0.000256782293187167
0.0716740377133559	181.98	190	-30.4	13.397	13.397	0	64.8636562642667	12	0.228776440392883	0.000255336031246618
0.071630495133731	181.98	190	-30.4	13.397	13.397	0	65.0620236109874	12	0.228776440392883	0.000257416696259705
0.071437756347873	181.98	190	-30.4	13.397	13.397	0	64.948360214105	12	0.228776440392883	0.000256648637603896
0.0716881620085335	181.98	190	-30.4	13.397	13.397	0	65.0890429544825	12	0.228776440392883	0.000257654658849412
0.0716475966764112	181.98	190	-30.4	13.397	13.397	0	65.0356700869245	12	0.228776440392883	0.000257117720075979
0.071506793232243	181.98	190	-30.4	13.397	13.397	0	65.0216334457654	12	0.228776440392883	0.000257243413113222
0.0717246566822431	181.98	190	-30.4	13.397	13.397	0	64.979043875966	12	0.228776440392883	0.000256531775843795
0.071466737937455	181.98	190	-30.4	13.397	13.397	0	65.0353578562942	12	0.228776440392883	0.000257540881033688
0.0719926169842854	181.98	190	-30.4	13.397	13.397	0	65.000366751902	12	0.228776440392883	0.000257551418873703
0.0716607183670228	181.98	190	-30.4	13.397	13.397	0	64.9274630323893	12	0.228776440392883	0.000255982385317682
0.0716465842363921	181.98	190	-30.4	13.397	13.397	0	64.9772361013822	12	0.228776440392883	0.000256502987949864
0.0714337635530859	181.98	190	-30.4	13.397	13.397	0	65.0796388992047	12	0.228776440392883	0.000258199757700979
0.071631016868098	181.98	190	-30.4	13.397	13.397	0	65.0575609265179	12	0.228776440392883	0.000257368145549062
0.0716100353717484	181.98	190	-30.4	13.397	13.397	0	65.0479034834373	12	0.228776440392883	0.000257293106657543
0.0714845218189345	181.98	190	-30.4	13.397	13.397	0	64.9890010863859	12	0.228776440392883	0.000256945162165055
0.071483060536876	181.98	190	-30.4	13.397	13.397	0	65.1134998786251	12	0.228776440392883	0.000258383071629278
0.0715573226317317	181.98	190	-30.4	13.397	13.397	0	65.0268759574691	12	0.228776440392883	0.000257164469221559
0.0717828212142263	181.98	190	-30.4	13.397	13.397	0	64.9419542536922	12	0.228776440392883	0.000256247536374549
0.0716853666695526	181.98	190	-30.4	13.397	13.397	0	65.186065939333	12	0.228776440392883	0.000258684649928794
0.0719319817671431	181.98	190	-30.4	13.397	13.397	0	64.9050973302621	12	0.228776440392883	0.000256415162414214
0.0716365839694487	181.98	190	-30.4	13.397	13.397	0	65.012899881298	12	0.228776440392883	0.00025688592392937
0.0715131431640437	181.98	190	-30.4	13.397	13.397	0	64.9431614077912	12	0.228776440392883	0.000256344682679349
0.0716274758426117	181.98	190	-30.4	13.397	13.397	0	65.0148623347999	12	0.228776440392883	0.000256915683569825
0.0719414671243051	181.98	190	-30.4	13.397	13.397	0	65.037085839074	12	0.228776440392883	0.000257629576829753
0.0715511114724188	181.98	190	-30.4	13.397	13.397	0	64.8123374055656	12	0.228776440392883	0.000254847984629345
0.0715731229816318	181.98	190	-30.4	13.397	13.397	0	64.9905393330752	12	0.228776440392883	0.000256732651622936
0.0714317483913509	181.98	190	-30.4	13.397	13.397	0	64.8733840888096	12	0.228776440392883	0.000255810892387897
0.0717419389020997	181.98	190	-30.4	13.397	13.397	0	64.9777110312926	12	0.228776440392883	0.000256534815373033
0.0716732839428176	181.98	190	-30.4	13.397	13.397	0	64.9055426560631	12	0.228776440392883	0.000255759931459902
0.0715394779897988	181.98	190	-30.4	13.397	13.397	0	64.967919906683	12	0.228776440392883	0.000256554376111758
0.0718348765954167	181.98	190	-30.4	13.397	13.397	0	65.0203954942955	12	0.228776440392883	0.000257116902435605
0.0714904363836741	181.98	190	-30.4	13.397	13.397	0	64.9782938424598	12	0.228776440392883	0.00025680445567583
0.0713704278679798	181.98	190	-30.4	13.397	13.397	0	65.0513271913079	12	0.228776440392883	0.00025818459567452
0.0719582034414337	181.98	190	-30.4	13.397	13.397	0	64.8664456955452	12	0.228776440392883	0.000256215867279604
0.0715373248067141	181.98	190	-30.4	13.397	13.397	0	65.0440429364683	12	0.228776440392883	0.000257406102687882
0.0714661253283077	181.98	190	-30.4	13.397	13.397	0	64.9707593800313	12	0.228776440392883	0.00025680039747275
0.0719198237644854	181.98	190	-30.4	13.397	13.397	0	64.9939272005456	12	0.228776440392883	0.00025715058265603
0.0713810830696532	181.98	190	-30.4	13.397	13.397	0	64.982245670054	12	0.228776440392883	0.000257298445363558
0.0715578532255746	181.98	190	-30.4	13.397	13.397	0	65.0063497999178	12	0.228776440392883	0.000256936731487787
0.0714969684680698	181.98	190	-30.4	13.397	13.397	0	65.0161860867987	12	0.228776440392883	0.000257213086067026
0.0714214636732324	181.98	190	-30.4	13.397	13.397	0	65.0444020442141	12	0.228776440392883	0.000257840369041545
0.0716461799412169	181.98	190	-30.4	13.397	13.397	0	64.8989728806296	12	0.228776440392883	0.000255689941868291
0.0716213790112182	181.98	190	-30.4	13.397	13.397	0	64.9934060483233	12	0.228776440392883	0.000256693606932031
0.0715791343151893	181.98	190	-30.4	13.397	13.397	0	64.8260834421497	12	0.228776440392883	0.000254963682502632
0.0717716252344616	181.98	190	-30.4	13.397	13.397	0	65.0271246797449	12	0.228776440392883	0.000257061629787152
0.0715859945357988	181.98	190	-30.4	13.397	13.397	0	64.9771557588046	12	0.228776440392883	0.000256565511120008
0.0720054732819172	181.98	190	-30.4	13.397	13.397	0	65.0474630245173	12	0.228776440392883	0.000258027217522215
0.0713248610382139	181.98	190	-30.4	13.397	13.397	0	64.8502180709405	12	0.228776440392883	0.000256012717114388
0.0716198119100506	181.98	190	-30.4	13.397	13.397	0	65.1189194905435	12	0.228776440392883	0.000258048912318135
0.0715183886572792	181.98	190	-30.4	13.397	13.397	0	64.9741051676627	12	0.228776440392883	0.00025667550243333
0.071721332250746	181.98	190	-30.4	13.397	13.397	0	64.9444664129057	12	0.228776440392883	0.000256182284040044
0.0716687738109564	181.98	190	-30.4	13.397	13.397	0	64.9616405758659	12	0.228776440392883	0.00025633421151419
0.0713224326915009	181.98	190	-30.4	13.397	13.397	0	64.8727960510184	12	0.228776440392883	0.000256295753061521
0.0714889444863552	181.98	190	-30.4	13.397	13.397	0	65.0486854615509	12	0.228776440392883	0.000257611623053979
0.0714865128694022	181.98	190	-30.4	13.397	13.397	0	64.9049806311168	12	0.228776440392883	0.000255991490581228
0.071493844765194	181.98	190	-30.4	13.397	13.397	0	65.0474310140334	12	0.228776440392883	0.000257579933580178
0.071464365042831	181.98	190	-30.4	13.397	13.397	0	64.8798662579543	12	0.228776440392883	0.00025577546897353
0.07151956904367	181.98	190	-30.4	13.397	13.397	0	65.069325960073	12	0.228776440392883	0.000257743780910934
0.0716076296908387	181.98	190	-30.4	13.397	13.397	0	65.0070498127745	12	0.228776440392883	0.000256856040659422
0.0716075945341863	181.98	190	-30.4	13.397	13.397	0	64.9022035861148	12	0.228776440392883	0.000255741005539776
0.0716088887042063	181.98	190	-30.4	13.397	13.397	0	65.0368955365949	12	0.228776440392883	0.000257175829473896
0.071485203173911	181.98	190	-30.4	13.397	13.397	0	64.8067868797357	12	0.228776440392883	0.00025490665219674
0.0716619942954961	181.98	190	-30.4	13.397	13.397	0	64.9296884400896	12	0.228776440392883	0.000256005262532675
0.0717543656701039	181.98	190	-30.4	13.397	13.397	0	64.9372801670728	12	0.228776440392883	0.000256151776389625
0.0719098910569393	181.98	190	-30.4	13.397	13.397	0	64.9465799315416	12	0.228776440392883	0.00025668355334603
0.0713830372708752	181.98	190	-30.4	13.397	13.397	0	65.0061580578319	12	0.228776440392883	0.000257573843365097
0.0716125359668164	181.98	190	-30.4	13.397	13.397	0	65.0345674446674	12	0.228776440392883	0.000257145392630164
0.0716881902415496	181.98	190	-30.4	13.397	13.397	0	65.0295425935914	12	0.228776440392883	0.000257034558094771
0.0714134043527716	181.98	190	-30.4	13.397	13.397	0	64.9670754210715	12	0.228776440392883	0.000256967126326963
0.0715988631489969	181.98	190	-30.4	13.397	13.397	0	64.9364023716307	12	0.228776440392883	0.000256111300950099
0.0716688771909484	181.98	190	-30.4	13.397	13.397	0	64.9159891313169	12	0.228776440392883	0.000255865373239139
0.0716013647546459	181.98	190	-30.4	13.397	13.397	0	65.0715337506331	12	0.228776440392883	0.000257564429156658
0.0716201423642194	181.98	190	-30.4	13.397	13.397	0	65.0371406340306	12	0.228776440392883	0.000257162718225399
0.0714798861802965	181.98	190	-30.4	13.397	13.397	0	65.0455038963258	12	0.228776440392883	0.000257608070351002
0.0715184120275117	181.98	190	-30.4	13.397	13.397	0	65.0018129581	12	0.228776440392883	0.00025698540806425
0.0715193873836447	181.98	190	-30.4	13.397	13.397	0	64.9882755959981	12	0.228776440392883	0.000256831078851427
0.0715541011683533	181.98	190	-30.4	13.397	13.397	0	65.0403466975864	12	0.228776440392883	0.000257321416242866
0.0718601086220495	181.98	190	-30.4	13.397	13.397	0	64.9744343100493	12	0.228776440392883	0.000256755015009915
0.07164604953818	181.98	190	-30.4	13.397	13.397	0	65.0387498012083	12	0.228776440392883	0.000257151678728382
0.0714675938387531	181.98	190	-30.4	13.397	13.397	0	64.8978548399386	12	0.228776440392883	0.000255967986430647
0.0714793430933847	181.98	190	-30.4	13.397	13.397	0	65.0656656974805	12	0.228776440392883	0.000257842744745036
0.0717285503190894	181.98	190	-30.4	13.397	13.397	0	65.0582435612156	12	0.228776440392883	0.000257336184648989
0.0716554872823707	181.98	190	-30.4	13.397	13.397	0	64.9329642055894	12	0.228776440392883	0.000256039519101277
0.0718083878560057	181.98	190	-30.4	13.397	13.397	0	64.9337244947248	12	0.228776440392883	0.000256226093813363
0.0716027204594992	181.98	190	-30.4	13.397	13.397	0	65.033295074656	12	0.228776440392883	0.000257146368001184
0.0715679848452752	181.98	190	-30.4	13.397	13.397	0	64.9241398461826	12	0.228776440392883	0.000256021602445134
0.0717412688404654	181.98	190	-30.4	13.397	13.397	0	64.9535772620326	12	0.228776440392883	0.000256294346731177
0.0713383247199562	181.98	190	-30.4	13.397	13.397	0	64.9035006133545	12	0.228776440392883	0.000256578664325578
0.0715639932209044	181.98	190	-30.4	13.397	13.397	0	64.805831232171	12	0.228776440392883	0.000254764448746623
0.0714107577084197	181.98	190	-30.4	13.397	13.397	0	64.8822782131849	12	0.228776440392883	0.000255992540803825
0.0715209472743687	181.98	190	-30.4	13.397	13.397	0	64.9792440447103	12	0.228776440392883	0.000256725987467012
0.0714971521087732	181.98	190	-30.4	13.397	13.397	0	64.8088819130204	12	0.228776440392883	0.000254902766083315
0.0714662756274812	181.98	190	-30.4	13.397	13.397	0	65.0713101872465	12	0.228776440392883	0.000257959892203218
0.0715692116350243	181.98	190	-30.4	13.397	13.397	0	65.0014696082371	12	0.228776440392883	0.00025685948916731
0.0715093558353678	181.98	190	-30.4	13.397	13.397	0	64.9446894345932	12	0.228776440392883	0.000256371696089754
0.0713688046531866	181.98	190	-30.4	13.397	13.397	0	64.88934301121	12	0.228776440392883	0.000256257708709261
0.0715727318659393	181.98	190	-30.4	13.397	13.397	0	65.0593272703178	12	0.228776440392883	0.000257488170130448
0.0714414686126887	181.98	190	-30.4	13.397	13.397	0	65.0095861205034	12	0.228776440392883	0.000257343357921158
0.0715181963208201	181.98	190	-30.4	13.397	13.397	0	64.9598832528283	12	0.228776440392883	0.000256517531600474
0.0715409305333782	181.98	190	-30.4	13.397	13.397	0	65.0210926846655	12	0.228776440392883	0.000257140198449862
0.0715555514467244	181.98	190	-30.4	13.397	13.397	0	65.0781259105907	12	0.228776440392883	0.000257738674879305
0.0715584751807362	181.98	190	-30.4	13.397	13.397	0	65.0479533644904	12	0.228776440392883	0.000257395268446464
0.0714452944936026	181.98	190	-30.4	13.397	13.397	0	65.0409210567304	12	0.228776440392883	0.000257692865446184
0.0715009596247592	181.98	190	-30.4	13.397	13.397	0	64.9152741312766	12	0.228776440392883	0.00025606654024051
0.0715920078517797	181.98	190	-30.4	13.397	13.397	0	64.8143942987167	12	0.228776440392883	0.000254832066306502
0.0716787179625567	181.98	190	-30.4	13.397	13.397	0	64.922914857801	12	0.228776440392883	0.000255938457927139
0.0714904802386333	181.98	190	-30.4	13.397	13.397	0	65.0303024268931	12	0.228776440392883	0.000257395738964965
0.07160238838302	181.98	190	-30.4	13.397	13.397	0	65.0061688866396	12	0.228776440392883	0.000256853882540477
0.0717413824850626	181.98	190	-30.4	13.397	13.397	0	64.9354191859148	12	0.228776440392883	0.000256114942755073
0.0717004538867627	181.98	190	-30.4	13.397	13.397	0	64.9096978111304	12	0.228776440392883	0.000255816459103589
0.0716864886322159	181.98	190	-30.4	13.397	13.397	0	65.0441404001338	12	0.228776440392883	0.000257186330660649
0.0714280437412974	181.98	190	-30.4	13.397	13.397	0	65.0143305344433	12	0.228776440392883	0.000257456327939535
0.0714868626358275	181.98	190	-30.4	13.397	13.397	0	64.905438392437	12	0.228776440392883	0.000255995614460724
0.0715014143797782	181.98	190	-30.4	13.397	13.397	0	65.0415831378686	12	0.228776440392883	0.000257487349811093
0.0716673575726111	181.98	190	-30.4	13.397	13.397	0	64.9127248520884	12	0.228776440392883	0.000255831737000917
0.071686975769768	181.98	190	-30.4	13.397	13.397	0	64.9986907804996	12	0.228776440392883	0.000256715933647656
0.071642160236901	181.98	190	-30.4	13.397	13.397	0	65.1518049687925	12	0.228776440392883	0.000258370206579991
0.0716725428556824	181.98	190	-30.4	13.397	13.397	0	64.9313346445664	12	0.228776440392883	0.000256022947651718
0.0715410618779019	181.98	190	-30.4	13.397	13.397	0	64.9581921568865	12	0.228776440392883	0.000256443635279023
0.0714878878514457	181.98	190	-30.4	13.397	13.397	0	65.0267608880322	12	0.228776440392883	0.000257364244584718
0.0715915196923647	181.98	190	-30.4	13.397	13.397	0	64.956801081566	12	0.228776440392883	0.000256338368082687
0.0715731328907592	181.98	190	-30.4	13.397	13.397	0	64.9949665008058	12	0.228776440392883	0.000256780900361279
0.0715262403610832	181.98	190	-30.4	13.397	13.397	0	65.0601823992553	12	0.228776440392883	0.000257619582342568
0.071351529422802	181.98	190	-30.4	13.397	13.397	0	65.0134114200816	12	0.228776440392883	0.000257831065669891
